result_H20=([ 6.16425413e+00,  7.86055052e-01,  2.10063122e+00,  8.82176264e+00,
        5.28451960e-02, -4.72951557e+00,  6.08746177e-01, -1.03194467e-06,
        9.68634185e-01,  8.64137087e+00, -6.40568256e-01,  2.05058974e-01,
        6.45757266e+00])
        
result_cov_H20=([[ 3.76112576e+02,  4.64908652e+01, -4.66461847e+00,
        -1.93173842e+01,  3.14896010e+00, -1.44067857e+02,
        -1.95424914e-01, -2.19297173e+00,  5.54826012e+01,
         2.65083675e+02, -1.55352221e+00,  2.44113366e+01,
         3.77700017e+02],
       [ 4.64908652e+01,  5.75577487e+00, -5.70523571e-01,
        -2.41759601e+00,  3.85556795e-01, -1.78405752e+01,
         1.43858957e-03, -2.74874239e-01,  6.83406428e+00,
         3.45422905e+01, -1.74315258e-01,  2.84035601e+00,
         4.66288617e+01],
       [-4.66461847e+00, -5.70523572e-01,  1.06527143e+00,
         5.15652272e+00,  3.18230986e-01, -2.72689339e+01,
        -4.56711584e-01,  5.50681620e-01,  4.22778321e-01,
        -1.94976666e+01, -1.27829325e+00,  2.47175859e+00,
        -1.41966178e+00],
       [-1.93173843e+01, -2.41759601e+00,  5.15652272e+00,
         2.63346756e+01,  1.62468851e+00, -7.25773087e+01,
        -2.19437346e+00,  1.66971458e+00,  2.23652691e+00,
        -1.33489580e+02, -6.91329883e+00,  1.68135477e+01,
        -4.61943843e+00],
       [ 3.14896010e+00,  3.85556795e-01,  3.18230986e-01,
         1.62468851e+00,  3.90485120e-01, -4.35047639e+00,
        -3.36132935e-01,  7.06174196e-02,  1.06945356e+00,
        -4.64264003e+01, -1.62188523e+00,  6.27595902e+00,
         4.47264398e+00],
       [-1.44067852e+02, -1.78405746e+01, -2.72689341e+01,
        -7.25773096e+01, -4.35047655e+00,  2.84514770e+04,
         9.10374266e+01, -4.70245404e+02, -9.88982517e+01,
        -6.49930198e+02,  2.56361402e+00,  3.69550543e+01,
        -3.53827083e+02],
       [-1.95424900e-01,  1.43859126e-03, -4.56711584e-01,
        -2.19437346e+00, -3.36132935e-01,  9.10374264e+01,
         7.33952701e-01, -1.56647712e+00, -9.58772273e-01,
         3.95604712e+01,  1.41436375e+00, -5.07543983e+00,
        -2.56167803e+00],
       [-2.19297181e+00, -2.74874250e-01,  5.50681623e-01,
         1.66971459e+00,  7.06174223e-02, -4.70245404e+02,
        -1.56647713e+00,  7.83610167e+00,  1.04590893e+00,
         2.67279020e+00, -1.85667909e-01, -2.99727594e-01,
         1.47170549e+00],
       [ 5.54826012e+01,  6.83406428e+00,  4.22778322e-01,
         2.23652692e+00,  1.06945356e+00, -9.88982523e+01,
        -9.58772275e-01,  1.04590894e+00,  1.02723481e+01,
        -3.05476638e+00, -2.39865668e+00,  9.53743403e+00,
         6.01278681e+01],
       [ 2.65083674e+02,  3.45422904e+01, -1.94976665e+01,
        -1.33489580e+02, -4.64264003e+01, -6.49930249e+02,
         3.95604710e+01,  2.67279107e+00, -3.05476645e+00,
         1.25871846e+04,  2.78589386e+02, -1.41289597e+03,
         2.34013265e+02],
       [-1.55352224e+00, -1.74315262e-01, -1.27829324e+00,
        -6.91329882e+00, -1.62188523e+00,  2.56361291e+00,
         1.41436375e+00, -1.85667890e-01, -2.39865668e+00,
         2.78589386e+02,  7.93938937e+00, -3.38953055e+01,
        -5.41909824e+00],
       [ 2.44113368e+01,  2.84035603e+00,  2.47175858e+00,
         1.68135477e+01,  6.27595902e+00,  3.69550595e+01,
        -5.07543981e+00, -2.99727683e-01,  9.53743404e+00,
        -1.41289597e+03, -3.38953055e+01,  1.68021853e+02,
         3.09689308e+01],
       [ 3.77700017e+02,  4.66288617e+01, -1.41966178e+00,
        -4.61943841e+00,  4.47264397e+00, -3.53827088e+02,
        -2.56167805e+00,  1.47170557e+00,  6.01278681e+01,
         2.34013266e+02, -5.41909822e+00,  3.09689306e+01,
         3.97888331e+02]])

result_C15=([ 1.303e+00,  1.690e-01,  6.450e-01,  3.122e+00,  7.000e-03,
       -4.340e-01,  1.777e+00,  7.788e+00, -1.420e-01,  5.630e-01,
        6.840e-05,  5.987e-10, -1.220e-01])
        
result_cov_C15=([[ 1.31094709e-02,  1.72293970e-03, -6.54199738e-03,
         4.00009419e-02,  9.39938962e-04, -5.01212441e-03,
         1.41078391e-02,  1.84213942e-01, -9.54530802e-03,
         3.29133451e-02,  1.43930627e-02, -2.10576776e-04,
        -1.42679195e-02],
       [ 1.72293970e-03,  3.63154091e-03,  1.52452244e-02,
        -3.48494288e-03,  1.44579692e-03, -1.63049550e-02,
        -7.48360585e-03, -1.86008495e-01,  6.73211033e-04,
         3.52844620e-03,  7.16811191e-03, -1.48600497e-05,
         7.15664945e-03],
       [-6.54199738e-03,  1.52452244e-02,  9.92053792e-01,
         5.70404878e+00, -4.49536593e-03, -5.56593644e-02,
         3.38036961e-01,  4.53803460e+00,  3.38608779e-01,
        -2.44412647e-01, -1.42959314e-01,  2.96344928e-03,
         1.09719270e+00],
       [ 4.00009419e-02, -3.48494288e-03,  5.70404878e+00,
         4.11532584e+01,  5.64780029e-02,  2.25081573e-01,
         3.35044176e+00,  4.94733489e+01,  1.51695967e+00,
        -6.09592569e-01, -9.77290099e-02,  1.28936867e-02,
         5.08281467e+00],
       [ 9.39938962e-04,  1.44579692e-03, -4.49536593e-03,
         5.64780029e-02,  3.31534474e-02, -9.54185006e-04,
        -4.40531030e-01, -1.90355077e+00,  1.46386852e-04,
         4.80210314e-02,  1.58661012e-01, -2.35960319e-04,
        -4.81758870e-02],
       [-5.01212441e-03, -1.63049550e-02, -5.56593644e-02,
         2.25081573e-01, -9.54185006e-04,  2.06179067e-01,
        -2.18042748e-01,  9.10881611e-01, -8.49261138e-03,
        -4.20729089e-02, -2.25447168e-02, -1.85680661e-05,
        -4.76631401e-02],
       [ 1.41078391e-02, -7.48360585e-03,  3.38036961e-01,
         3.35044176e+00, -4.40531030e-01, -2.18042748e-01,
         1.23544788e+01,  7.63206176e+01, -2.70714241e-01,
        -1.37657073e-01, -1.86062785e+00,  7.76292822e-04,
         2.78751483e-02],
       [ 1.84213942e-01, -1.86008495e-01,  4.53803460e+00,
         4.94733489e+01, -1.90355077e+00,  9.10881611e-01,
         7.63206176e+01,  5.63526026e+02, -1.04728502e+00,
         4.18847775e-01, -7.57314694e+00,  7.99018188e-03,
         1.01883154e+00],
       [-9.54530802e-03,  6.73211033e-04,  3.38608779e-01,
         1.51695967e+00,  1.46386852e-04, -8.49261138e-03,
        -2.70714241e-01, -1.04728502e+00,  2.09129217e-01,
        -1.96559475e-01, -9.86113615e-02,  1.84608149e-03,
         5.31794025e-01],
       [ 3.29133451e-02,  3.52844620e-03, -2.44412647e-01,
        -6.09592569e-01,  4.80210314e-02, -4.20729089e-02,
        -1.37657073e-01,  4.18847775e-01, -1.96559475e-01,
         2.25040603e+00,  1.31661884e+00, -3.91449837e-03,
        -5.67871416e-01],
       [ 1.43930627e-02,  7.16811191e-03, -1.42959314e-01,
        -9.77290099e-02,  1.58661012e-01, -2.25447168e-02,
        -1.86062785e+00, -7.57314694e+00, -9.86113615e-02,
         1.31661884e+00,  1.31770095e+00, -1.79341662e-03,
        -4.94959513e-01],
       [-2.10576776e-04, -1.48600497e-05,  2.96344928e-03,
         1.28936867e-02, -2.35960319e-04, -1.85680661e-05,
         7.76292822e-04,  7.99018188e-03,  1.84608149e-03,
        -3.91449837e-03, -1.79341662e-03,  1.48261313e-04,
         5.19914433e-03],
       [-1.42679195e-02,  7.15664945e-03,  1.09719270e+00,
         5.08281467e+00, -4.81758870e-02, -4.76631401e-02,
         2.78751483e-02,  1.01883154e+00,  5.31794025e-01,
        -5.67871416e-01, -4.94959513e-01,  5.19914433e-03,
         1.85748719e+00]])
         
result_H09=([ 1.30340566e+00,  1.69545562e-01,  6.45520008e-01,  3.12186549e+00,
        7.60464736e-03, -4.34489105e-01,  1.77725869e+00,  7.78834201e+00,
       -1.41956375e-01,  5.62610905e-01,  6.88666616e-05,  5.53715597e-10,
       -1.22056319e-01])

result_cov_H09=([[ 5.90776955e-02,  4.33821635e-03, -4.87526872e-02,
        -1.18650285e-01, -3.89294174e-04, -6.17876835e-03,
         3.65147652e-03,  1.01933936e-01, -3.25000769e-02,
        -6.48321565e-04, -1.23494831e-02,  1.61297268e-05,
        -8.49086657e-02],
       [ 4.33821635e-03,  1.13800890e-03, -1.04197650e-02,
        -6.24813379e-02, -9.48955290e-04, -2.54373119e-03,
         1.68252771e-02,  3.00811284e-02, -9.98897384e-03,
         7.04732318e-03, -3.01258307e-04,  4.27880588e-06,
        -2.99386289e-02],
       [-4.87526872e-02, -1.04197650e-02,  6.56822424e-01,
         3.30575377e+00,  5.64417641e-02, -2.08321433e-02,
        -2.20658259e-01,  5.16672160e-01,  3.35415144e-01,
        -3.71320089e-02,  2.72718191e-01, -1.27932252e-04,
         1.06804633e+00],
       [-1.18650285e-01, -6.24813379e-02,  3.30575377e+00,
         2.03582683e+01,  2.83497663e-01,  7.15552130e-02,
         1.25926837e-01,  1.41370616e+01,  1.32340865e+00,
        -2.11959365e-01,  1.38486029e+00, -1.68920214e-04,
         4.11957803e+00],
       [-3.89294174e-04, -9.48955290e-04,  5.64417641e-02,
         2.83497663e-01,  2.98516760e-02, -1.08549257e-02,
        -2.50357458e-01, -9.88101348e-01,  5.01416533e-02,
        -7.11664085e-02,  1.26294772e-01,  1.75647855e-05,
         1.19334049e-01],
       [-6.17876835e-03, -2.54373119e-03, -2.08321433e-02,
         7.15552130e-02, -1.08549257e-02,  3.34711527e-02,
         1.05240974e-01,  9.67731180e-01, -2.41478523e-02,
         3.33257889e-02, -3.78311660e-02, -1.02768037e-05,
        -7.11783920e-02],
       [ 3.65147652e-03,  1.68252771e-02, -2.20658259e-01,
         1.25926837e-01, -2.50357458e-01,  1.05240974e-01,
         5.11575693e+00,  2.82152081e+01, -6.21730518e-01,
         4.39195072e-01, -1.12785566e+00,  3.71761157e-04,
        -1.70754814e+00],
       [ 1.01933936e-01,  3.00811284e-02,  5.16672160e-01,
         1.41370616e+01, -9.88101348e-01,  9.67731180e-01,
         2.82152081e+01,  1.77808478e+02, -2.57602354e+00,
         1.38620798e+00, -4.68554934e+00,  2.35414268e-03,
        -7.10764887e+00],
       [-3.25000769e-02, -9.98897384e-03,  3.35415144e-01,
         1.32340865e+00,  5.01416533e-02, -2.41478523e-02,
        -6.21730518e-01, -2.57602354e+00,  3.02865596e-01,
        -1.25106252e-01,  1.79342879e-01, -1.33839265e-04,
         8.20223850e-01],
       [-6.48321565e-04,  7.04732318e-03, -3.71320089e-02,
        -2.11959365e-01, -7.11664085e-02,  3.33257889e-02,
         4.39195072e-01,  1.38620798e+00, -1.25106252e-01,
         4.49517088e-01, -1.01914256e-01,  4.71163998e-05,
        -2.96093706e-01],
       [-1.23494831e-02, -3.01258307e-04,  2.72718191e-01,
         1.38486029e+00,  1.26294772e-01, -3.78311660e-02,
        -1.12785566e+00, -4.68554934e+00,  1.79342879e-01,
        -1.01914256e-01,  6.86622058e-01,  2.11615066e-04,
         3.74913979e-01],
       [ 1.61297268e-05,  4.27880588e-06, -1.27932252e-04,
        -1.68920214e-04,  1.75647855e-05, -1.02768037e-05,
         3.71761157e-04,  2.35414268e-03, -1.33839265e-04,
         4.71163998e-05,  2.11615066e-04,  5.69899305e-06,
        -5.55185773e-04],
       [-8.49086657e-02, -2.99386289e-02,  1.06804633e+00,
         4.11957803e+00,  1.19334049e-01, -7.11783920e-02,
        -1.70754814e+00, -7.10764887e+00,  8.20223850e-01,
        -2.96093706e-01,  3.74913979e-01, -5.55185773e-04,
         3.13525721e+00]])

result_C09=([ 2.01401898e+00,  3.60385613e-02,  2.58134419e-01,  7.84929788e+00,
       -7.25854447e-04, -8.32803147e-01,  1.39658165e+00,  1.02838470e+00,
       -3.60493930e-01, -4.63296297e-01,  8.56360804e-07,  1.65506759e-03,
       -5.00476780e-01])

result_cov_C09=([[ 5.99393407e-01,  5.74654425e-03,  3.44732162e-02,
        -1.38958102e-01, -6.04999443e-03, -1.82686374e-01,
         1.62707056e-02,  6.48642544e-02, -7.29209198e-02,
         1.21503253e-01,  1.41893412e-01,  1.25799975e+00,
        -4.20310643e-02],
       [ 5.74654425e-03,  1.39013868e-03, -1.28886859e-02,
         3.13679955e-02,  5.25845566e-04,  1.26222908e-03,
         8.04448620e-03,  1.68063758e-02, -8.67501659e-03,
        -1.81003686e-02, -6.80446948e-03, -3.51729374e-02,
        -2.76972026e-02],
       [ 3.44732162e-02, -1.28886859e-02,  8.78929616e-01,
         1.74618000e+01,  1.04321146e-02, -2.63340378e-01,
        -8.68905762e-01, -2.33297725e+00,  9.25917740e-02,
        -2.43493881e-01, -9.52547275e-02, -7.30666086e-01,
         3.19174995e-01],
       [-1.38958102e-01,  3.13679955e-02,  1.74618000e+01,
         5.74387028e+02,  1.39967263e-01, -5.25402156e+00,
        -1.65742215e+01, -5.49361071e+01,  3.53273461e-01,
        -4.92669629e+00, -2.27186191e+00, -1.01718333e+01,
         5.91556360e-01],
       [-6.04999443e-03,  5.25845566e-04,  1.04321146e-02,
         1.39967263e-01,  5.76513139e-03, -4.07228196e-02,
        -1.30719411e-01, -3.01973608e-01,  3.45012178e-05,
        -1.21568386e-01, -4.67417474e-02, -3.87282579e-01,
        -1.16805365e-02],
       [-1.82686374e-01,  1.26222908e-03, -2.63340378e-01,
        -5.25402156e+00, -4.07228196e-02,  1.76236737e+00,
         2.04735957e+00,  7.39646555e+00, -3.01201079e-02,
         8.85629259e-01,  3.31669406e-01,  4.62666786e+00,
        -6.79090714e-02],
       [ 1.62707056e-02,  8.04448620e-03, -8.68905762e-01,
        -1.65742215e+01, -1.30719411e-01,  2.04735957e+00,
         4.71873989e+00,  1.29160519e+01, -1.49595723e-01,
         2.72186532e+00,  1.04798600e+00,  1.01847541e+01,
        -2.27633365e-01],
       [ 6.48642544e-02,  1.68063758e-02, -2.33297725e+00,
        -5.49361071e+01, -3.01973608e-01,  7.39646555e+00,
         1.29160519e+01,  4.03958747e+01, -3.56230342e-01,
         6.41813057e+00,  2.53558564e+00,  2.81550943e+01,
        -5.10168587e-01],
       [-7.29209198e-02, -8.67501659e-03,  9.25917740e-02,
         3.53273461e-01,  3.45012178e-05, -3.01201079e-02,
        -1.49595723e-01, -3.56230342e-01,  6.47490221e-02,
         4.99654421e-02,  1.45656950e-02, -2.68476179e-02,
         1.63451757e-01],
       [ 1.21503253e-01, -1.81003686e-02, -2.43493881e-01,
        -4.92669629e+00, -1.21568386e-01,  8.85629259e-01,
         2.72186532e+00,  6.41813057e+00,  4.99654421e-02,
         3.26206915e+00,  1.41782963e+00,  1.20820411e+01,
         3.99126087e-01],
       [ 1.41893412e-01, -6.80446948e-03, -9.52547275e-02,
        -2.27186191e+00, -4.67417474e-02,  3.31669406e-01,
         1.04798600e+00,  2.53558564e+00,  1.45656950e-02,
         1.41782963e+00,  6.69101360e-01,  6.13165405e+00,
         1.63410107e-01],
       [ 1.25799975e+00, -3.51729374e-02, -7.30666086e-01,
        -1.01718333e+01, -3.87282579e-01,  4.62666786e+00,
         1.01847541e+01,  2.81550943e+01, -2.68476179e-02,
         1.20820411e+01,  6.13165405e+00,  9.67487880e+01,
         9.08269352e-01],
       [-4.20310643e-02, -2.76972026e-02,  3.19174995e-01,
         5.91556360e-01, -1.16805365e-02, -6.79090714e-02,
        -2.27633365e-01, -5.10168587e-01,  1.63451757e-01,
         3.99126087e-01,  1.63410107e-01,  9.08269352e-01,
         6.10330513e-01]])

         
