{
 "cells": [
  {
   "cell_type": "code",
   "execution_count": 1,
   "metadata": {},
   "outputs": [],
   "source": [
    "import lhapdf\n",
    "import pandas as pd\n",
    "import numpy as np\n",
    "import matplotlib.pyplot as plt\n",
    "import scipy.optimize as opt\n",
    "\n",
    "\n",
    "# Global Constants\n",
    "M1_test=np.sqrt(0.8)\n",
    "Kp2A=0.57\n",
    "Pp2A=0.12\n",
    "\n",
    "ee=1\n",
    "eU=2/3\n",
    "eUbar=-2/3\n",
    "eD=-1/3\n",
    "eDbar=1/3\n",
    "eS=-1/3\n",
    "eSbar=1/3\n",
    "\n",
    "AlphaU_test=1.0\n",
    "BetaU_test=6.6\n",
    "AlphaD_test=1.9\n",
    "BetaD_test=10\n",
    "AlphaS_test=0\n",
    "BetaS_test=0\n",
    "\n",
    "NU_test=0.18\n",
    "NUbar_test=-0.01\n",
    "ND_test=-0.52\n",
    "NDbar_test=-0.06\n",
    "NS_test=0\n",
    "NSbar_test=0\n",
    "\n",
    "# Here the data sets are listed and collected into and Array called \"DataFilesArray\"\n",
    "#Dat1='Data/HERMES_p_2009.csv'\n",
    "Dat2='Data/HERMES_p_2020.csv'\n",
    "#Dat3='Data/COMPASS_d_2009.csv'\n",
    "#Dat4='Data/COMPASS_p_2015.csv'\n",
    "DataFilesArray=[Dat2]\n",
    "#PDFdataset = lhapdf.mkPDF(\"JAM19PDF_proton_nlo\")\n",
    "PDFdataset = lhapdf.mkPDF(\"cteq61\")\n",
    "#PDFdataset = lhapdf.mkPDF(\"CT10nnlo\")\n",
    "#FF_pion_dataset=[\"JAM19FF_pion_nlo\"]\n",
    "#FF_kaon_dataset=[\"JAM19FF_kaon_nlo\"]\n",
    "FF_PiP_dataset=[\"NNFF10_PIp_nlo\"]\n",
    "FF_PiM_dataset=[\"NNFF10_PIm_nlo\"]\n",
    "FF_Pi0_dataset=[\"NNFF10_PIsum_nlo\"]\n",
    "FF_KP_dataset=[\"NNFF10_KAp_nlo\"]\n",
    "FF_KM_dataset=[\"NNFF10_KAm_nlo\"]"
   ]
  },
  {
   "cell_type": "code",
   "execution_count": 2,
   "metadata": {},
   "outputs": [],
   "source": [
    "def hadarray(filename):\n",
    "    tempdf=pd.read_csv(filename)\n",
    "    temphad_data=tempdf[\"hadron\"]\n",
    "    temphad=temphad_data.dropna().unique()\n",
    "    refined_had_array=[]\n",
    "    for i in range(0,len(temphad)):\n",
    "        if((temphad[i]==\"pi+\") or (temphad[i]==\"pi-\") or (temphad[i]==\"pi0\") or (temphad[i]==\"k+\") or (temphad[i]==\"k-\")):\n",
    "            refined_had_array.append(temphad[i])\n",
    "    return refined_had_array\n",
    "\n",
    "#print(hadarray(Datafile))\n",
    "\n",
    "def dataslice(filename,Had,Var):\n",
    "    tempdf=pd.read_csv(filename)\n",
    "    temp_slice=tempdf[(tempdf[\"hadron\"]==Had)&(tempdf[\"1D_dependence\"]==Var)]\n",
    "    tempQ2=np.array(temp_slice[\"Q2\"])\n",
    "    tempX=np.array(temp_slice[\"x\"])\n",
    "    tempZ=np.array(temp_slice[\"z\"])\n",
    "    tempPHT=np.array(temp_slice[\"phT\"])\n",
    "    tempSiv=np.array(temp_slice[\"Siv\"])\n",
    "    temperrSiv=np.array(temp_slice[\"tot_err\"])\n",
    "    return tempQ2,tempX,tempZ,tempPHT,tempSiv,temperrSiv\n",
    "\n",
    "def ks2Avg(m1,kperp2Avg):\n",
    "    test_ks2Avg=((m1**2)*kperp2Avg)/((m1**2)+kperp2Avg)\n",
    "    return test_ks2Avg\n",
    "\n",
    "def A0(z,pht,m1,kperp2Avg,pperp2Avg,eCharg):\n",
    "    tempA0part1=(((z**2)*kperp2Avg+pperp2Avg)*((ks2Avg(m1,kperp2Avg))**2))/((((z**2)*(ks2Avg(m1,kperp2Avg))+pperp2Avg)**2)*kperp2Avg)\n",
    "    tempA0part21=(pht**2)*(z**2)*(ks2Avg(m1,kperp2Avg) - kperp2Avg)\n",
    "    tempA0part22=((z**2)*(ks2Avg(m1,kperp2Avg))+pperp2Avg)*((z**2)*kperp2Avg+pperp2Avg)\n",
    "    tempA0part2=np.exp(-tempA0part21/tempA0part22)\n",
    "    tempA0part3=(np.sqrt(2*eCharg))*z*pht/m1\n",
    "    tempA0=tempA0part1*tempA0part2*tempA0part3\n",
    "    return tempA0\n",
    "\n",
    "#def NNq(x,Nq,aq,bq):\n",
    "#    tempNNq = Nq*(x**aq)*((1-x)**(bq))*((aq+bq)**(aq+bq))/((aq**aq)*(bq**bq))\n",
    "#    return np.abs(tempNNq)\n",
    "\n",
    "def NNq(x,Nq,aq,bq):\n",
    "    aaq=abs(aq)\n",
    "    bbq=abs(bq)\n",
    "    tempNNq = Nq*(x**aaq)*((1-x)**(bbq))*((aaq+bbq)**(aaq+bbq))/((aaq**aaq)*(bbq**bbq))\n",
    "    return tempNNq\n",
    "\n",
    "\n",
    "def NNqbar(x,Nqbar):\n",
    "    tempNNqbar = Nqbar\n",
    "    return tempNNqbar\n",
    "\n",
    "def xFxQ2(dataset,flavor,x,QQ):\n",
    "    temp_parton_dist_x=np.array(dataset.xfxQ2(flavor, x, QQ))\n",
    "    return temp_parton_dist_x\n",
    "\n",
    "def zFzQ(dataset,flavor,zz,QQ):\n",
    "    # Here \"0\" represents the central values from the girds\n",
    "    temp_zD1=lhapdf.mkPDF(dataset[0], 0)\n",
    "    zD1_vec=np.array(temp_zD1.xfxQ2(flavor,zz,QQ))\n",
    "    return zD1_vec\n",
    "\n",
    "\n",
    "def Asymmetry(QQ,x,z,pht,m1,Nu,au,bu,Nubar,Nd,ad,bd,Ndbar,Ns,aS,bs,Nsbar,lhaqID,lhaqbarID):\n",
    "    kperp2Avg=Kp2A\n",
    "    pperpAvg=Pp2A\n",
    "    eCharg=ee\n",
    "    if((lhaqID==2)and(lhaqbarID==-1)):\n",
    "        ### This is pi+\n",
    "        uCont1= NNq(x,Nu,au,bu)*(eU**2)*xFxQ2(PDFdataset,2,x,QQ)*zFzQ(FF_PiP_dataset,2,z,QQ)\n",
    "        ubarCont1= NNqbar(x,Nubar)*(eUbar**2)*xFxQ2(PDFdataset,-2,x,QQ)*zFzQ(FF_PiP_dataset,-2,z,QQ)\n",
    "        dCont1= NNq(x,Nd,ad,bd)*(eD**2)*xFxQ2(PDFdataset,1,x,QQ)*zFzQ(FF_PiP_dataset,1,z,QQ)\n",
    "        dbarCont1= NNqbar(x,Ndbar)*(eDbar**2)*xFxQ2(PDFdataset,-1,x,QQ)*zFzQ(FF_PiP_dataset,-1,z,QQ)\n",
    "        sCont1= NNq(x,Ns,aS,bs)*(eS**2)*xFxQ2(PDFdataset,3,x,QQ)*zFzQ(FF_PiP_dataset,3,z,QQ)\n",
    "        sbarCont1= NNqbar(x,Nsbar)*(eSbar**2)*xFxQ2(PDFdataset,-3,x,QQ)*zFzQ(FF_PiP_dataset,-3,z,QQ)\n",
    "        uCont2= (eU**2)*xFxQ2(PDFdataset,2,x,QQ)*zFzQ(FF_PiP_dataset,2,z,QQ)\n",
    "        ubarCont2= (eUbar**2)*xFxQ2(PDFdataset,-2,x,QQ)*zFzQ(FF_PiP_dataset,-2,z,QQ)\n",
    "        dCont2= (eD**2)*xFxQ2(PDFdataset,1,x,QQ)*zFzQ(FF_PiP_dataset,1,z,QQ)\n",
    "        dbarCont2=(eDbar**2)*xFxQ2(PDFdataset,-1,x,QQ)*zFzQ(FF_PiP_dataset,-1,z,QQ)\n",
    "        sCont2= (eS**2)*xFxQ2(PDFdataset,3,x,QQ)*zFzQ(FF_PiP_dataset,3,z,QQ)\n",
    "        sbarCont2= (eSbar**2)*xFxQ2(PDFdataset,-3,x,QQ)*zFzQ(FF_PiP_dataset,-3,z,QQ)\n",
    "        tempNumerator = uCont1 + ubarCont1 +dCont1 + dbarCont1 + sCont1 + sbarCont1\n",
    "        tempDenominator = uCont2 + ubarCont2 +dCont2 + dbarCont2 + sCont2 + sbarCont2\n",
    "        tempASiv = A0(z,pht,m1,kperp2Avg,pperpAvg,eCharg)*(tempNumerator/tempDenominator)\n",
    "    elif((lhaqID==1)and(lhaqbarID==-2)):\n",
    "        ### This is pi-\n",
    "        uCont1= NNq(x,Nu,au,bu)*(eU**2)*xFxQ2(PDFdataset,2,x,QQ)*zFzQ(FF_PiM_dataset,2,z,QQ)\n",
    "        ubarCont1= NNqbar(x,Nubar)*(eUbar**2)*xFxQ2(PDFdataset,-2,x,QQ)*zFzQ(FF_PiM_dataset,-2,z,QQ)\n",
    "        dCont1= NNq(x,Nd,ad,bd)*(eD**2)*xFxQ2(PDFdataset,1,x,QQ)*zFzQ(FF_PiM_dataset,1,z,QQ)\n",
    "        dbarCont1= NNqbar(x,Ndbar)*(eDbar**2)*xFxQ2(PDFdataset,-1,x,QQ)*zFzQ(FF_PiM_dataset,-1,z,QQ)\n",
    "        sCont1= NNq(x,Ns,aS,bs)*(eS**2)*xFxQ2(PDFdataset,3,x,QQ)*zFzQ(FF_PiM_dataset,3,z,QQ)\n",
    "        sbarCont1= NNqbar(x,Nsbar)*(eSbar**2)*xFxQ2(PDFdataset,-3,x,QQ)*zFzQ(FF_PiM_dataset,-3,z,QQ)\n",
    "        uCont2= (eU**2)*xFxQ2(PDFdataset,2,x,QQ)*zFzQ(FF_PiM_dataset,2,z,QQ)\n",
    "        ubarCont2= (eUbar**2)*xFxQ2(PDFdataset,-2,x,QQ)*zFzQ(FF_PiM_dataset,-2,z,QQ)\n",
    "        dCont2= (eD**2)*xFxQ2(PDFdataset,1,x,QQ)*zFzQ(FF_PiM_dataset,1,z,QQ)\n",
    "        dbarCont2= (eDbar**2)*xFxQ2(PDFdataset,-1,x,QQ)*zFzQ(FF_PiM_dataset,-1,z,QQ)\n",
    "        sCont2= (eS**2)*xFxQ2(PDFdataset,3,x,QQ)*zFzQ(FF_PiM_dataset,3,z,QQ)\n",
    "        sbarCont2= (eSbar**2)*xFxQ2(PDFdataset,-3,x,QQ)*zFzQ(FF_PiM_dataset,-3,z,QQ)\n",
    "        tempNumerator = uCont1 + ubarCont1 +dCont1 + dbarCont1 + sCont1 + sbarCont1\n",
    "        tempDenominator = uCont2 + ubarCont2 +dCont2 + dbarCont2 + sCont2 + sbarCont2\n",
    "        tempASiv = A0(z,pht,m1,kperp2Avg,pperpAvg,eCharg)*(tempNumerator/tempDenominator)\n",
    "    elif((lhaqID==1)and(lhaqbarID==-1)):\n",
    "        ### This is pi0\n",
    "        uCont1= NNq(x,Nu,au,bu)*(eU**2)*xFxQ2(PDFdataset,2,x,QQ)*zFzQ(FF_Pi0_dataset,2,z,QQ)\n",
    "        ubarCont1= NNqbar(x,Nubar)*(eUbar**2)*xFxQ2(PDFdataset,-2,x,QQ)*zFzQ(FF_Pi0_dataset,-2,z,QQ)\n",
    "        dCont1= NNq(x,Nd,ad,bd)*(eD**2)*xFxQ2(PDFdataset,1,x,QQ)*zFzQ(FF_Pi0_dataset,1,z,QQ)\n",
    "        dbarCont1= NNqbar(x,Ndbar)*(eDbar**2)*xFxQ2(PDFdataset,-1,x,QQ)*zFzQ(FF_Pi0_dataset,-1,z,QQ)\n",
    "        sCont1= NNq(x,Ns,aS,bs)*(eS**2)*xFxQ2(PDFdataset,3,x,QQ)*zFzQ(FF_Pi0_dataset,3,z,QQ)\n",
    "        sbarCont1= NNqbar(x,Nsbar)*(eSbar**2)*xFxQ2(PDFdataset,-3,x,QQ)*zFzQ(FF_Pi0_dataset,-3,z,QQ)\n",
    "        uCont2= (eU**2)*xFxQ2(PDFdataset,2,x,QQ)*zFzQ(FF_Pi0_dataset,2,z,QQ)\n",
    "        ubarCont2= (eUbar**2)*xFxQ2(PDFdataset,-2,x,QQ)*zFzQ(FF_Pi0_dataset,-2,z,QQ)\n",
    "        dCont2= (eD**2)*xFxQ2(PDFdataset,1,x,QQ)*zFzQ(FF_Pi0_dataset,1,z,QQ)\n",
    "        dbarCont2= (eDbar**2)*xFxQ2(PDFdataset,-1,x,QQ)*zFzQ(FF_Pi0_dataset,-1,z,QQ)\n",
    "        sCont2= (eS**2)*xFxQ2(PDFdataset,3,x,QQ)*zFzQ(FF_Pi0_dataset,3,z,QQ)\n",
    "        sbarCont2= (eSbar**2)*xFxQ2(PDFdataset,-3,x,QQ)*zFzQ(FF_Pi0_dataset,-3,z,QQ)\n",
    "        tempNumerator = uCont1 + ubarCont1 +dCont1 + dbarCont1 + sCont1 + sbarCont1\n",
    "        tempDenominator = uCont2 + ubarCont2 +dCont2 + dbarCont2 + sCont2 + sbarCont2\n",
    "        tempASiv = A0(z,pht,m1,kperp2Avg,pperpAvg,eCharg)*(tempNumerator/tempDenominator)\n",
    "    elif((lhaqID==2)and(lhaqbarID==-3)):\n",
    "        ### This is k+\n",
    "        uCont1= NNq(x,Nu,au,bu)*(eU**2)*xFxQ2(PDFdataset,2,x,QQ)*zFzQ(FF_KP_dataset,2,z,QQ)\n",
    "        ubarCont1= NNqbar(x,Nubar)*(eUbar**2)*xFxQ2(PDFdataset,-2,x,QQ)*zFzQ(FF_KP_dataset,-2,z,QQ)\n",
    "        dCont1= NNq(x,Nd,ad,bd)*(eD**2)*xFxQ2(PDFdataset,1,x,QQ)*zFzQ(FF_KP_dataset,1,z,QQ)\n",
    "        dbarCont1= NNqbar(x,Ndbar)*(eDbar**2)*xFxQ2(PDFdataset,-1,x,QQ)*zFzQ(FF_KP_dataset,-1,z,QQ)\n",
    "        sCont1= NNq(x,Ns,aS,bs)*(eS**2)*xFxQ2(PDFdataset,3,x,QQ)*zFzQ(FF_KP_dataset,3,z,QQ)\n",
    "        sbarCont1= NNqbar(x,Nsbar)*(eSbar**2)*xFxQ2(PDFdataset,-3,x,QQ)*zFzQ(FF_KP_dataset,-3,z,QQ)\n",
    "        uCont2= (eU**2)*xFxQ2(PDFdataset,2,x,QQ)*zFzQ(FF_KP_dataset,2,z,QQ)\n",
    "        ubarCont2= (eUbar**2)*xFxQ2(PDFdataset,-2,x,QQ)*zFzQ(FF_KP_dataset,-2,z,QQ)\n",
    "        dCont2= (eD**2)*xFxQ2(PDFdataset,1,x,QQ)*zFzQ(FF_KP_dataset,1,z,QQ)\n",
    "        dbarCont2= (eDbar**2)*xFxQ2(PDFdataset,-1,x,QQ)*zFzQ(FF_KP_dataset,-1,z,QQ)\n",
    "        sCont2= (eS**2)*xFxQ2(PDFdataset,3,x,QQ)*zFzQ(FF_KP_dataset,3,z,QQ)\n",
    "        sbarCont2= (eSbar**2)*xFxQ2(PDFdataset,-3,x,QQ)*zFzQ(FF_KP_dataset,-3,z,QQ)\n",
    "        tempNumerator = uCont1 + ubarCont1 +dCont1 + dbarCont1 + sCont1 + sbarCont1\n",
    "        tempDenominator = uCont2 + ubarCont2 +dCont2 + dbarCont2 + sCont2 + sbarCont2\n",
    "        tempASiv = A0(z,pht,m1,kperp2Avg,pperpAvg,eCharg)*(tempNumerator/tempDenominator)\n",
    "    elif((lhaqID==3)and(lhaqbarID==-2)):\n",
    "        ### This is k+\n",
    "        uCont1= NNq(x,Nu,au,bu)*(eU**2)*xFxQ2(PDFdataset,2,x,QQ)*zFzQ(FF_KM_dataset,2,z,QQ)\n",
    "        ubarCont1= NNqbar(x,Nubar)*(eUbar**2)*xFxQ2(PDFdataset,-2,x,QQ)*zFzQ(FF_KM_dataset,-2,z,QQ)\n",
    "        dCont1= NNq(x,Nd,ad,bd)*(eD**2)*xFxQ2(PDFdataset,1,x,QQ)*zFzQ(FF_KM_dataset,1,z,QQ)\n",
    "        dbarCont1= NNqbar(x,Ndbar)*(eDbar**2)*xFxQ2(PDFdataset,-1,x,QQ)*zFzQ(FF_KM_dataset,-1,z,QQ)\n",
    "        sCont1= NNq(x,Ns,aS,bs)*(eS**2)*xFxQ2(PDFdataset,3,x,QQ)*zFzQ(FF_KM_dataset,3,z,QQ)\n",
    "        sbarCont1= NNqbar(x,Nsbar)*(eSbar**2)*xFxQ2(PDFdataset,-3,x,QQ)*zFzQ(FF_KM_dataset,-3,z,QQ)\n",
    "        uCont2= (eU**2)*xFxQ2(PDFdataset,2,x,QQ)*zFzQ(FF_KM_dataset,2,z,QQ)\n",
    "        ubarCont2= (eUbar**2)*xFxQ2(PDFdataset,-2,x,QQ)*zFzQ(FF_KM_dataset,-2,z,QQ)\n",
    "        dCont2= (eD**2)*xFxQ2(PDFdataset,1,x,QQ)*zFzQ(FF_KM_dataset,1,z,QQ)\n",
    "        dbarCont2= (eDbar**2)*xFxQ2(PDFdataset,-1,x,QQ)*zFzQ(FF_KM_dataset,-1,z,QQ)\n",
    "        sCont2= (eS**2)*xFxQ2(PDFdataset,3,x,QQ)*zFzQ(FF_KM_dataset,3,z,QQ)\n",
    "        sbarCont2= (eSbar**2)*xFxQ2(PDFdataset,-3,x,QQ)*zFzQ(FF_KM_dataset,-3,z,QQ)\n",
    "        tempNumerator = uCont1 + ubarCont1 +dCont1 + dbarCont1 + sCont1 + sbarCont1\n",
    "        tempDenominator = uCont2 + ubarCont2 +dCont2 + dbarCont2 + sCont2 + sbarCont2\n",
    "        tempASiv = A0(z,pht,m1,kperp2Avg,pperpAvg,eCharg)*(tempNumerator/tempDenominator)\n",
    "    return tempASiv"
   ]
  },
  {
   "cell_type": "code",
   "execution_count": 3,
   "metadata": {},
   "outputs": [],
   "source": [
    "## ** two stars represents a dictionary\n",
    "def ASivFitHadron(hadron,KV,**parms):\n",
    "    m1= parms[\"m1\"]\n",
    "    Nu = parms[\"Nu\"]\n",
    "    alphau= parms[\"alphau\"]\n",
    "    betau = parms[\"betau\"]\n",
    "    Nubar = parms[\"Nubar\"]\n",
    "    Nd = parms[\"Nd\"]\n",
    "    alphad= parms[\"alphad\"]\n",
    "    betad = parms[\"betad\"]\n",
    "    Ndbar = parms[\"Ndbar\"]\n",
    "    Ns = parms[\"Ns\"]\n",
    "    alphas= parms[\"alphas\"]\n",
    "    betas = parms[\"betas\"]\n",
    "    Nsbar = parms[\"Nsbar\"]\n",
    "    if(hadron==\"pi+\"):\n",
    "        Qflag=2\n",
    "        AniQflag=-1\n",
    "    elif(hadron==\"pi-\"):\n",
    "        Qflag=1\n",
    "        AniQflag=-2\n",
    "    elif(hadron==\"pi0\"):\n",
    "        Qflag=1\n",
    "        AniQflag=-1\n",
    "    elif(hadron==\"k+\"):\n",
    "        Qflag=2\n",
    "        AniQflag=-3\n",
    "    elif(hadron==\"k-\"):\n",
    "        Qflag=3\n",
    "        AniQflag=-2\n",
    "    ################\n",
    "    QQ,x,z,pht=KV\n",
    "    array_size=len(x)\n",
    "    tempASivHad_val=[]\n",
    "    for i in range(0,array_size):\n",
    "        tempASivHad=Asymmetry(QQ[i],x[i],z[i],pht[i],m1,Nu,alphau,betau,Nubar,Nd,alphad,betad,Ndbar,Ns,alphas,betas,Nsbar,Qflag,AniQflag)       \n",
    "        tempASivHad_val.append(tempASivHad)\n",
    "    return tempASivHad_val\n"
   ]
  },
  {
   "cell_type": "code",
   "execution_count": 4,
   "metadata": {},
   "outputs": [],
   "source": [
    "def Kin_hadron(datfile,hadron):\n",
    "    tempXfile=dataslice(datfile,hadron,\"x\")\n",
    "    tempZfile=dataslice(datfile,hadron,\"z\")\n",
    "    tempPhTfile=dataslice(datfile,hadron,\"phT\")\n",
    "    ##### Q2 ################\n",
    "    tempQ2_x=np.array(tempXfile[0])\n",
    "    tempQ2_z=np.array(tempZfile[0])\n",
    "    tempQ2_phT=np.array(tempPhTfile[0])\n",
    "    tempQ2=np.concatenate((tempQ2_x,tempQ2_z,tempQ2_phT))\n",
    "    ##### X ################\n",
    "    tempX_x=np.array(tempXfile[1])\n",
    "    tempX_z=np.array(tempZfile[1])\n",
    "    tempX_phT=np.array(tempPhTfile[1])\n",
    "    tempX=np.concatenate((tempX_x,tempX_z,tempX_phT))\n",
    "    ##### Z ################\n",
    "    tempZ_x=np.array(tempXfile[2])\n",
    "    tempZ_z=np.array(tempZfile[2])\n",
    "    tempZ_phT=np.array(tempPhTfile[2])\n",
    "    tempZ=np.concatenate((tempZ_x,tempZ_z,tempZ_phT))\n",
    "    ##### phT ################\n",
    "    tempphT_x=np.array(tempXfile[3])\n",
    "    tempphT_z=np.array(tempZfile[3])\n",
    "    tempphT_phT=np.array(tempPhTfile[3])\n",
    "    tempphT=np.concatenate((tempphT_x,tempphT_z,tempphT_phT))\n",
    "    return tempQ2,tempX,tempZ,tempphT\n",
    "\n",
    "\n",
    "def Kin_Had(datfile):\n",
    "    had_len=len(hadarray(datfile))\n",
    "    temHads=hadarray(datfile)\n",
    "    temp_kin=[]\n",
    "    for i in range(0,had_len):\n",
    "        temp_kin.append(Kin_hadron(datfile,temHads[i]))        \n",
    "    return temp_kin\n",
    "\n",
    "#print(len(Kin_Had(Datafile)))\n",
    "#print(Kin_Had(Datafile)[3])\n",
    "\n",
    "\n",
    "#### Sivers values\n",
    "\n",
    "def ASiv_data(datfile,hadron):\n",
    "    tempXfile=dataslice(datfile,hadron,\"x\")\n",
    "    tempZfile=dataslice(datfile,hadron,\"z\")\n",
    "    tempPhTfile=dataslice(datfile,hadron,\"phT\")    \n",
    "    ##### Asy ################\n",
    "    tempAsy_x=np.array(tempXfile[4])\n",
    "    tempAsy_z=np.array(tempZfile[4])\n",
    "    tempAsy_phT=np.array(tempPhTfile[4])\n",
    "    tempAsy=np.concatenate((tempAsy_x,tempAsy_z,tempAsy_phT))\n",
    "    ##### err ################\n",
    "    tempAsyErr_x=np.array(tempXfile[5])\n",
    "    tempAsyErr_z=np.array(tempZfile[5])\n",
    "    tempAsyErr_phT=np.array(tempPhTfile[5])\n",
    "    tempAsyErr=np.concatenate((tempAsyErr_x,tempAsyErr_z,tempAsyErr_phT))\n",
    "    return tempAsy,tempAsyErr\n",
    "\n",
    "def ASiv_Val(datfile):\n",
    "    had_len=len(hadarray(datfile))\n",
    "    temHads=hadarray(datfile)\n",
    "    temp_SivData=[]\n",
    "    for i in range(0,had_len):\n",
    "        temp_SivData.append(ASiv_data(datfile,temHads[i])[0])        \n",
    "    return temp_SivData\n",
    "\n",
    "def ASiv_Err(datfile):\n",
    "    had_len=len(hadarray(datfile))\n",
    "    temHads=hadarray(datfile)\n",
    "    temp_SivData=[]\n",
    "    for i in range(0,had_len):\n",
    "        temp_SivData.append(ASiv_data(datfile,temHads[i])[1])        \n",
    "    return temp_SivData\n"
   ]
  },
  {
   "cell_type": "code",
   "execution_count": 9,
   "metadata": {},
   "outputs": [
    {
     "name": "stdout",
     "output_type": "stream",
     "text": [
      "134\n"
     ]
    }
   ],
   "source": [
    "def totalfitDataSet(datfile,m1,Nu,alphau,betau,Nubar,Nd,alphad,betad,Ndbar,Ns,alphas,betas,Nsbar):\n",
    "    had_len=len(hadarray(datfile))\n",
    "    temHads=hadarray(datfile)\n",
    "    fittot=[]\n",
    "    for i in range(0,had_len):\n",
    "        if temHads[i]==\"pi+\":\n",
    "            tempfit=ASivFitHadron(\"pi+\",Kin_hadron(datfile,\"pi+\"),m1=m1,Nu=Nu,alphau=alphau,betau=betau,Nubar=Nubar,Nd=Nd,alphad=alphad,betad=betad,Ndbar=Ndbar,Ns=Ns,alphas=alphas,betas=betas,Nsbar=Nsbar)\n",
    "            fittot.append(tempfit)\n",
    "        elif temHads[i]==\"pi-\":\n",
    "            tempfit=ASivFitHadron(\"pi-\",Kin_hadron(datfile,\"pi-\"),m1=m1,Nu=Nu,alphau=alphau,betau=betau,Nubar=Nubar,Nd=Nd,alphad=alphad,betad=betad,Ndbar=Ndbar,Ns=Ns,alphas=alphas,betas=betas,Nsbar=Nsbar)\n",
    "            fittot.append(tempfit)\n",
    "        elif temHads[i]==\"pi0\":\n",
    "            tempfit=ASivFitHadron(\"pi0\",Kin_hadron(datfile,\"pi0\"),m1=m1,Nu=Nu,alphau=alphau,betau=betau,Nubar=Nubar,Nd=Nd,alphad=alphad,betad=betad,Ndbar=Ndbar,Ns=Ns,alphas=alphas,betas=betas,Nsbar=Nsbar)\n",
    "            fittot.append(tempfit)\n",
    "        elif temHads[i]==\"k+\":\n",
    "            tempfit=ASivFitHadron(\"k+\",Kin_hadron(datfile,\"k+\"),m1=m1,Nu=Nu,alphau=alphau,betau=betau,Nubar=Nubar,Nd=Nd,alphad=alphad,betad=betad,Ndbar=Ndbar,Ns=Ns,alphas=alphas,betas=betas,Nsbar=Nsbar)\n",
    "            fittot.append(tempfit)\n",
    "        elif temHads[i]==\"k-\":\n",
    "            tempfit=ASivFitHadron(\"k-\",Kin_hadron(datfile,\"k-\"),m1=m1,Nu=Nu,alphau=alphau,betau=betau,Nubar=Nubar,Nd=Nd,alphad=alphad,betad=betad,Ndbar=Ndbar,Ns=Ns,alphas=alphas,betas=betas,Nsbar=Nsbar)\n",
    "            fittot.append(tempfit)\n",
    "    return np.concatenate((fittot), axis=None)\n",
    "\n",
    "\n",
    "### This function will combine all the data sets into a single array\n",
    "\n",
    "def totalfitfunc(datfilesarray,m1,Nu,alphau,betau,Nubar,Nd,alphad,betad,Ndbar,Ns,alphas,betas,Nsbar):\n",
    "    datfilesnum=len(datfilesarray)\n",
    "    temptotal=[]\n",
    "    for i in range(0,datfilesnum):\n",
    "        temptotal.append(totalfitDataSet(datfilesarray[i],m1,Nu,alphau,betau,Nubar,Nd,alphad,betad,Ndbar,Ns,alphas,betas,Nsbar))\n",
    "    return np.concatenate((temptotal), axis=None)\n",
    "\n",
    "\n",
    "### This function collects all data and combine together into one array\n",
    "    \n",
    "def SiversVals(datafilesarray):\n",
    "    datfilesnum=len(datafilesarray)\n",
    "    tempSiv=[]\n",
    "    for i in range(0,datfilesnum):\n",
    "        tempSiv.append(ASiv_Val(datafilesarray[i]))\n",
    "    tempflatSiv=np.concatenate((tempSiv), axis=None)\n",
    "    return np.concatenate((tempflatSiv), axis=None)\n",
    "\n",
    "def SiversErrVals(datafilesarray):\n",
    "    datfilesnum=len(datafilesarray)\n",
    "    tempSivErr=[]\n",
    "    for i in range(0,datfilesnum):\n",
    "        tempSivErr.append(ASiv_Err(datafilesarray[i]))\n",
    "    tempflatSivErr=np.concatenate((tempSivErr), axis=None)\n",
    "    return np.concatenate((tempflatSivErr), axis=None)\n",
    "\n",
    "print(len(SiversVals(DataFilesArray)))"
   ]
  },
  {
   "cell_type": "code",
   "execution_count": 33,
   "metadata": {},
   "outputs": [
    {
     "data": {
      "text/plain": [
       "array([1.35180931e+03, 2.07315725e+01, 1.26601898e+00, 3.07059870e+01,\n",
       "       9.45596411e-01, 1.10687483e+05, 1.32238284e+00, 4.51615522e+01,\n",
       "       4.90608012e+01, 4.91521443e+02, 1.29120965e+01, 4.95007540e+02,\n",
       "       1.67248354e+03])"
      ]
     },
     "execution_count": 33,
     "metadata": {},
     "output_type": "execute_result"
    }
   ],
   "source": [
    "result_Hermes_2020=([ 7.59045427e+00,  9.59480166e-01,  2.29080664e+00,  9.82637663e+00,\n",
    "        2.05002362e-01, -4.71272523e+00,  4.81910776e-01,  5.67546672e-06,\n",
    "        1.49041173e+00,  4.52841574e+00,  1.74496474e+00,  6.08183167e+00,\n",
    "        8.69154831e+00])\n",
    "        \n",
    "result_Hermes_2020_cov=([[ 1.35180931e+03,  1.67351687e+02, -1.29920910e+01,\n",
    "        -5.48775700e+01,  3.42489369e+01,  4.45352661e+02,\n",
    "         4.24701799e+00,  2.55615939e+01,  2.50125548e+02,\n",
    "         7.93826188e+02, -2.09236842e+01, -8.46343489e+01,\n",
    "         1.48897679e+03],\n",
    "       [ 1.67351687e+02,  2.07315725e+01, -1.58891403e+00,\n",
    "        -6.75989025e+00,  4.24058653e+00,  5.69060626e+01,\n",
    "         5.56705385e-01,  3.20558539e+00,  3.09364418e+01,\n",
    "         9.83695898e+01, -2.56786493e+00, -1.05138507e+01,\n",
    "         1.84259193e+02],\n",
    "       [-1.29920910e+01, -1.58891403e+00,  1.26601898e+00,\n",
    "         6.03072252e+00, -1.27737436e-01, -2.98546587e+01,\n",
    "        -3.25539499e-01, -7.87725794e-01, -1.17154949e+00,\n",
    "        -8.60689632e+00,  2.31016535e+00,  1.04974213e+01,\n",
    "        -1.00874988e+01],\n",
    "       [-5.48775701e+01, -6.75989026e+00,  6.03072252e+00,\n",
    "         3.07059870e+01, -5.02015291e-01,  1.42243112e+02,\n",
    "        -7.14086803e-01,  2.03089129e+00, -5.13990827e+00,\n",
    "        -3.71848790e+01,  1.08128786e+01,  5.07216137e+01,\n",
    "        -4.31756701e+01],\n",
    "       [ 3.42489369e+01,  4.24058653e+00, -1.27737436e-01,\n",
    "        -5.02015289e-01,  9.45596411e-01, -3.32057533e+00,\n",
    "        -5.79585999e-05,  3.46041107e-01,  6.66744460e+00,\n",
    "         1.92266685e+01,  3.30041599e-01,  2.50316971e+00,\n",
    "         3.87795414e+01],\n",
    "       [ 4.45352625e+02,  5.69060581e+01, -2.98546582e+01,\n",
    "         1.42243114e+02, -3.32057623e+00,  1.10687483e+05,\n",
    "         3.53244896e+02,  2.23058315e+03, -1.61942099e+02,\n",
    "         4.11165001e+02, -1.81146188e+02, -1.06924930e+03,\n",
    "        -3.54134179e+02],\n",
    "       [ 4.24701788e+00,  5.56705371e-01, -3.25539497e-01,\n",
    "        -7.14086796e-01, -5.79614542e-05,  3.53244896e+02,\n",
    "         1.32238284e+00,  7.18852882e+00, -4.03976357e-01,\n",
    "         3.59909450e+00, -1.27144489e+00, -7.09507987e+00,\n",
    "         6.12873383e-01],\n",
    "       [ 2.55615931e+01,  3.20558530e+00, -7.87725785e-01,\n",
    "         2.03089133e+00,  3.46041089e-01,  2.23058315e+03,\n",
    "         7.18852882e+00,  4.51615522e+01, -2.45287734e-01,\n",
    "         1.81063532e+01, -3.98788808e+00, -2.30323767e+01,\n",
    "         1.09660285e+01],\n",
    "       [ 2.50125548e+02,  3.09364419e+01, -1.17154949e+00,\n",
    "        -5.13990826e+00,  6.66744461e+00, -1.61942093e+02,\n",
    "        -4.03976336e-01, -2.45287599e-01,  4.90608012e+01,\n",
    "         1.44616649e+02, -9.02770640e-01, -1.46440288e+00,\n",
    "         2.82539224e+02],\n",
    "       [ 7.93826188e+02,  9.83695898e+01, -8.60689632e+00,\n",
    "        -3.71848789e+01,  1.92266685e+01,  4.11165022e+02,\n",
    "         3.59909457e+00,  1.81063536e+01,  1.44616649e+02,\n",
    "         4.91521443e+02, -2.74081652e+01, -1.53962359e+02,\n",
    "         8.68456806e+02],\n",
    "       [-2.09236841e+01, -2.56786493e+00,  2.31016535e+00,\n",
    "         1.08128786e+01,  3.30041600e-01, -1.81146188e+02,\n",
    "        -1.27144489e+00, -3.98788810e+00, -9.02770631e-01,\n",
    "        -2.74081652e+01,  1.29120965e+01,  7.74879049e+01,\n",
    "        -1.43587729e+01],\n",
    "       [-8.46343486e+01, -1.05138506e+01,  1.04974213e+01,\n",
    "         5.07216137e+01,  2.50316972e+00, -1.06924930e+03,\n",
    "        -7.09507988e+00, -2.30323767e+01, -1.46440283e+00,\n",
    "        -1.53962358e+02,  7.74879049e+01,  4.95007540e+02,\n",
    "        -5.30827534e+01],\n",
    "       [ 1.48897679e+03,  1.84259193e+02, -1.00874988e+01,\n",
    "        -4.31756700e+01,  3.87795414e+01, -3.54134139e+02,\n",
    "         6.12873508e-01,  1.09660293e+01,  2.82539223e+02,\n",
    "         8.68456806e+02, -1.43587729e+01, -5.30827537e+01,\n",
    "         1.67248354e+03]])\n",
    "\n",
    "np.diag(result_Hermes_2020_cov)"
   ]
  },
  {
   "cell_type": "code",
   "execution_count": 41,
   "metadata": {},
   "outputs": [
    {
     "data": {
      "text/plain": [
       "array([ 7.59045427e-01,  9.59480166e-02,  2.29080664e-01,  9.82637663e-01,\n",
       "        2.05002362e-02, -4.71272523e-01,  4.81910776e-02,  5.67546672e-07,\n",
       "        1.49041173e-01,  4.52841574e-01,  1.74496474e-01,  6.08183167e-01,\n",
       "        8.69154831e-01])"
      ]
     },
     "execution_count": 41,
     "metadata": {},
     "output_type": "execute_result"
    }
   ],
   "source": [
    "np.array(result_Hermes_2020)*0.1"
   ]
  },
  {
   "cell_type": "code",
   "execution_count": 43,
   "metadata": {},
   "outputs": [
    {
     "data": {
      "text/plain": [
       "array([ 7.59045427e+00,  9.59480166e-01,  2.29080664e+00,  9.82637663e+00,\n",
       "        2.05002362e-01, -4.71272523e+00,  4.81910776e-01,  5.67546672e-06,\n",
       "        1.49041173e+00,  4.52841574e+00,  1.74496474e+00,  6.08183167e+00,\n",
       "        8.69154831e+00])"
      ]
     },
     "execution_count": 43,
     "metadata": {},
     "output_type": "execute_result"
    }
   ],
   "source": [
    "np.array(result_Hermes_2020)"
   ]
  },
  {
   "cell_type": "code",
   "execution_count": 39,
   "metadata": {},
   "outputs": [
    {
     "data": {
      "text/plain": [
       "array([ 4.53691171e+00,  6.72744956e-01,  1.02253261e+02,  6.54243374e+02,\n",
       "        3.94564341e+02, -7.70027541e+00,  2.86348331e+02,  2.27020838e+03,\n",
       "       -2.13262329e+02,  8.00682760e+01,  9.99879730e+05,  3.56601727e+06,\n",
       "       -2.57465587e+03])"
      ]
     },
     "execution_count": 39,
     "metadata": {},
     "output_type": "execute_result"
    }
   ],
   "source": [
    "resultH09 =([ 1.30340206e+00,  1.69545390e-01,  6.45520993e-01,  3.12185077e+00,\n",
    "        7.60454727e-03, -4.34490966e-01,  1.77725228e+00,  7.78838430e+00,\n",
    "       -1.41958803e-01,  5.62612315e-01,  6.84420220e-05,  5.98748065e-10,\n",
    "       -1.22062004e-01])\n",
    "result_cov_H09 = ([[ 5.91342007e-02,  4.35054525e-03, -4.91697414e-02,\n",
    "        -1.20757843e-01, -2.69161138e-04, -6.18279186e-03,\n",
    "         2.40874651e-03,  9.60239570e-02, -3.26756848e-02,\n",
    "        -1.14863614e-03, -1.20308863e-02,  4.70341396e-05,\n",
    "        -8.58350306e-02],\n",
    "       [ 4.35054525e-03,  1.14060806e-03, -1.05122198e-02,\n",
    "        -6.29845223e-02, -9.24105460e-04, -2.54318268e-03,\n",
    "         1.65198432e-02,  2.85675930e-02, -1.00232632e-02,\n",
    "         6.92581622e-03, -2.55373066e-04,  1.11329186e-05,\n",
    "        -3.01196398e-02],\n",
    "       [-4.91697414e-02, -1.05122198e-02,  6.60066263e-01,\n",
    "         3.32267351e+00,  5.55534054e-02, -2.08161082e-02,\n",
    "        -2.11147309e-01,  5.62329229e-01,  3.36702123e-01,\n",
    "        -3.33415815e-02,  2.70486302e-01, -3.62226547e-04,\n",
    "         1.07495351e+00],\n",
    "       [-1.20757843e-01, -6.29845223e-02,  3.32267351e+00,\n",
    "         2.04245018e+01,  2.79802361e-01,  7.20536740e-02,\n",
    "         1.40108874e-01,  1.41795697e+01,  1.33381064e+00,\n",
    "        -2.01684488e-01,  1.36804386e+00, -1.20943842e-03,\n",
    "         4.16808376e+00],\n",
    "       [-2.69161138e-04, -9.24105460e-04,  5.55534054e-02,\n",
    "         2.79802361e-01,  3.00048318e-02, -1.08571513e-02,\n",
    "        -2.51345795e-01, -9.92413787e-01,  4.96010345e-02,\n",
    "        -7.18947077e-02,  1.26718099e-01,  7.25495474e-05,\n",
    "         1.17044006e-01],\n",
    "       [-6.18279186e-03, -2.54318268e-03, -2.08161082e-02,\n",
    "         7.20536740e-02, -1.08571513e-02,  3.34570010e-02,\n",
    "         1.05839558e-01,  9.71248674e-01, -2.42019003e-02,\n",
    "         3.35224910e-02, -3.76196545e-02, -1.36068103e-05,\n",
    "        -7.14174274e-02],\n",
    "       [ 2.40874651e-03,  1.65198432e-02, -2.11147309e-01,\n",
    "         1.40108874e-01, -2.51345795e-01,  1.05839558e-01,\n",
    "         5.08913224e+00,  2.80510990e+01, -6.11846636e-01,\n",
    "         4.36701396e-01, -1.14046001e+00, -4.60500751e-05,\n",
    "        -1.66807622e+00],\n",
    "       [ 9.60239570e-02,  2.85675930e-02,  5.62329229e-01,\n",
    "         1.41795697e+01, -9.92413787e-01,  9.71248674e-01,\n",
    "         2.80510990e+01,  1.76812553e+02, -2.52456150e+00,\n",
    "         1.36383998e+00, -4.75564885e+00,  5.07215720e-04,\n",
    "        -6.90265983e+00],\n",
    "       [-3.26756848e-02, -1.00232632e-02,  3.36702123e-01,\n",
    "         1.33381064e+00,  4.96010345e-02, -2.42019003e-02,\n",
    "        -6.11846636e-01, -2.52456150e+00,  3.02744649e-01,\n",
    "        -1.22010518e-01,  1.79128549e-01, -2.59262668e-04,\n",
    "         8.20936536e-01],\n",
    "       [-1.14863614e-03,  6.92581622e-03, -3.33415815e-02,\n",
    "        -2.01684488e-01, -7.18947077e-02,  3.35224910e-02,\n",
    "         4.36701396e-01,  1.36383998e+00, -1.22010518e-01,\n",
    "         4.50473981e-01, -1.06765493e-01, -1.65420240e-04,\n",
    "        -2.82696818e-01],\n",
    "       [-1.20308863e-02, -2.55373066e-04,  2.70486302e-01,\n",
    "         1.36804386e+00,  1.26718099e-01, -3.76196545e-02,\n",
    "        -1.14046001e+00, -4.75564885e+00,  1.79128549e-01,\n",
    "        -1.06765493e-01,  6.84337905e-01,  3.90131566e-04,\n",
    "         3.73887167e-01],\n",
    "       [ 4.70341396e-05,  1.11329186e-05, -3.62226547e-04,\n",
    "        -1.20943842e-03,  7.25495474e-05, -1.36068103e-05,\n",
    "        -4.60500751e-05,  5.07215720e-04, -2.59262668e-04,\n",
    "        -1.65420240e-04,  3.90131566e-04,  2.13514594e-05,\n",
    "        -1.14804587e-03],\n",
    "       [-8.58350306e-02, -3.01196398e-02,  1.07495351e+00,\n",
    "         4.16808376e+00,  1.17044006e-01, -7.14174274e-02,\n",
    "        -1.66807622e+00, -6.90265983e+00,  8.20936536e-01,\n",
    "        -2.82696818e-01,  3.73887167e-01, -1.14804587e-03,\n",
    "         3.14267655e+00]])\n",
    "\n",
    "\n",
    "#np.diag(result_cov_H09)\n",
    "np.diag(result_cov_H09)/np.array(resultH09)*100"
   ]
  },
  {
   "cell_type": "code",
   "execution_count": 7,
   "metadata": {},
   "outputs": [
    {
     "name": "stdout",
     "output_type": "stream",
     "text": [
      "1.4772891621594648\n"
     ]
    },
    {
     "name": "stderr",
     "output_type": "stream",
     "text": [
      "<__array_function__ internals>:5: VisibleDeprecationWarning: Creating an ndarray from ragged nested sequences (which is a list-or-tuple of lists-or-tuples-or ndarrays with different lengths or shapes) is deprecated. If you meant to do this, you must specify 'dtype=object' when creating the ndarray\n"
     ]
    }
   ],
   "source": [
    "theoryH20=totalfitfunc(DataFilesArray,*result_Hermes_2020)\n",
    "\n",
    "def totchi2(y,yhat,err):\n",
    "    tempval=np.sum(((y-yhat)/err)**2)\n",
    "    return tempval\n",
    "\n",
    "print(totchi2(SiversVals(DataFilesArray),theoryH20,SiversErrVals(DataFilesArray))/len(SiversVals(DataFilesArray)))"
   ]
  },
  {
   "cell_type": "code",
   "execution_count": 30,
   "metadata": {},
   "outputs": [
    {
     "name": "stderr",
     "output_type": "stream",
     "text": [
      "<__array_function__ internals>:5: VisibleDeprecationWarning: Creating an ndarray from ragged nested sequences (which is a list-or-tuple of lists-or-tuples-or ndarrays with different lengths or shapes) is deprecated. If you meant to do this, you must specify 'dtype=object' when creating the ndarray\n"
     ]
    }
   ],
   "source": [
    "def param_samples(pars, cov):\n",
    "    par_sample = []\n",
    "    pars_sigma=np.diag(cov)\n",
    "    org_theory=totalfitfunc(DataFilesArray,*pars)\n",
    "    org_chi2=totchi2(SiversVals(DataFilesArray),org_theory,SiversErrVals(DataFilesArray))\n",
    "    #print(org_chi2)\n",
    "    for i in range(100):\n",
    "        #temp_pars = np.random.normal(pars, 0.1*np.diag(cov))\n",
    "        temp_pars = np.random.normal(pars, 0.00004*np.diag(cov))\n",
    "        par_sample.append(temp_pars) \n",
    "        temp_theory=totalfitfunc(DataFilesArray,*temp_pars)\n",
    "        temp_chi2=totchi2(SiversVals(DataFilesArray),temp_theory,SiversErrVals(DataFilesArray))\n",
    "        #print(temp_chi2)\n",
    "        if(np.abs(org_chi2-temp_chi2)<len(DataFilesArray)):\n",
    "            par_sample.append(temp_pars)\n",
    "        #temp_theory=ASivFitHadron(had,(tempQ,tempX,tempZ,tempphT),m1=result[0],Nu=result[1],alphau=result[2],betau=result[3],Nubar=result[4],Nd=result[5],alphad=result[6],betad=result[7],Ndbar=result[8],Ns=result[9],alphas=result[10],betas=result[11],Nsbar=result[12])\n",
    "        #d = func(X, *temp_pars).real\n",
    "        #res.append(list(d))\n",
    "    return np.array(par_sample)\n",
    "\n",
    "test_parms=param_samples(result_Hermes_2020, result_Hermes_2020_cov)"
   ]
  },
  {
   "cell_type": "code",
   "execution_count": 31,
   "metadata": {},
   "outputs": [],
   "source": [
    "test_parm_1=test_parms\n",
    "\n",
    "def KinSlicer(array, bn):\n",
    "    a_size=len(array)\n",
    "    temp_arr=[]\n",
    "    for i in range(0,a_size):\n",
    "        temp_arr.append(array[i][bn])\n",
    "    mx=np.max(temp_arr)\n",
    "    mn=np.min(temp_arr)\n",
    "    return(mx,mn)\n",
    "\n",
    "def PlotSivHadBand(datfile,hadron,dependence,resultarray,param_array):\n",
    "    data_points=len(dataslice(datfile,hadron,dependence)[0])\n",
    "    temp_kinematics=np.array(dataslice(datfile,hadron,dependence))\n",
    "    if(dependence==\"x\"):\n",
    "        dep_index=1\n",
    "    elif(dependence==\"z\"):\n",
    "        dep_index=2\n",
    "    elif(dependence==\"phT\"):\n",
    "        dep_index=3\n",
    "    tempQ=temp_kinematics[0]\n",
    "    tempX=temp_kinematics[1]\n",
    "    tempZ=temp_kinematics[2]\n",
    "    tempphT=temp_kinematics[3]\n",
    "    temp_exp=temp_kinematics[4]\n",
    "    temp_sigma=temp_kinematics[5]\n",
    "    temp_size=len(param_array)\n",
    "    temp_size_kin=len(tempQ)\n",
    "    temp_ASiv_vals=[]\n",
    "    temp_ASiv_max=[]\n",
    "    temp_ASiv_min=[]\n",
    "    for i in range(0,temp_size):\n",
    "        RS=param_array[i]\n",
    "        temp_theory=ASivFitHadron(hadron,(tempQ,tempX,tempZ,tempphT),m1=RS[0],Nu=RS[1],alphau=RS[2],betau=RS[3],Nubar=RS[4],Nd=RS[5],alphad=RS[6],betad=RS[7],Ndbar=RS[8],Ns=RS[9],alphas=RS[10],betas=RS[11],Nsbar=RS[12])  \n",
    "        #print(temp_theory)\n",
    "        temp_ASiv_vals.append(temp_theory)\n",
    "    for j in range(0,temp_size_kin):\n",
    "        temp_ASiv_max.append(KinSlicer(temp_ASiv_vals, j)[0])\n",
    "        temp_ASiv_min.append(KinSlicer(temp_ASiv_vals, j)[1])        \n",
    "    temp_theory_central=ASivFitHadron(hadron   ,(tempQ,tempX,tempZ,tempphT),m1=resultarray[0],Nu=resultarray[1],alphau=resultarray[2],betau=resultarray[3],Nubar=resultarray[4],Nd=resultarray[5],alphad=resultarray[6],betad=resultarray[7],Ndbar=resultarray[8],Ns=resultarray[9],alphas=resultarray[10],betas=resultarray[11],Nsbar=resultarray[12])\n",
    "    plt.plot(temp_kinematics[dep_index],temp_theory_central,'red',label='Fit')\n",
    "    #plt.plot(temp_kinematics[dep_index],temp_ASiv_max,'green')\n",
    "    #plt.plot(temp_kinematics[dep_index],temp_ASiv_min,'orange')\n",
    "    plt.fill_between(temp_kinematics[dep_index],temp_ASiv_min,temp_ASiv_max,alpha=0.2,color='red')\n",
    "    plt.errorbar(temp_kinematics[dep_index],temp_kinematics[4],temp_kinematics[5],fmt='o',color='blue',label='Data')\n"
   ]
  },
  {
   "cell_type": "code",
   "execution_count": 32,
   "metadata": {},
   "outputs": [
    {
     "data": {
