{
 "cells": [
  {
   "cell_type": "code",
   "execution_count": 97,
   "metadata": {},
   "outputs": [],
   "source": [
    "import lhapdf\n",
    "import pandas as pd\n",
    "import numpy as np\n",
    "import matplotlib.pyplot as plt\n",
    "import scipy.optimize as opt\n",
    "\n",
    "\n",
    "# Global Constants\n",
    "M1_test=np.sqrt(0.8)\n",
    "Kp2A=0.57\n",
    "Pp2A=0.12\n",
    "\n",
    "ee=1\n",
    "eU=2/3\n",
    "eUbar=-2/3\n",
    "eD=-1/3\n",
    "eDbar=1/3\n",
    "eS=-1/3\n",
    "eSbar=1/3\n",
    "\n",
    "AlphaU_test=1.0\n",
    "BetaU_test=6.6\n",
    "AlphaD_test=1.9\n",
    "BetaD_test=10\n",
    "AlphaS_test=0\n",
    "BetaS_test=0\n",
    "\n",
    "NU_test=0.18\n",
    "NUbar_test=-0.01\n",
    "ND_test=-0.52\n",
    "NDbar_test=-0.06\n",
    "NS_test=0\n",
    "NSbar_test=0\n",
    "\n",
    "# Here the data sets are listed and collected into and Array called \"DataFilesArray\"\n",
    "Dat1='Data/HERMES_p_2009.csv'\n",
    "#Dat2='Data/HERMES_p_2020.csv'\n",
    "#Dat3='Data/COMPASS_d_2009.csv'\n",
    "#Dat4='Data/COMPASS_p_2015.csv'\n",
    "DataFilesArray=[Dat1]\n",
    "#PDFdataset = lhapdf.mkPDF(\"JAM19PDF_proton_nlo\")\n",
    "PDFdataset = lhapdf.mkPDF(\"cteq61\")\n",
    "#PDFdataset = lhapdf.mkPDF(\"CT10nnlo\")\n",
    "#FF_pion_dataset=[\"JAM19FF_pion_nlo\"]\n",
    "#FF_kaon_dataset=[\"JAM19FF_kaon_nlo\"]\n",
    "FF_PiP_dataset=[\"NNFF10_PIp_nlo\"]\n",
    "FF_PiM_dataset=[\"NNFF10_PIm_nlo\"]\n",
    "FF_Pi0_dataset=[\"NNFF10_PIsum_nlo\"]\n",
    "FF_KP_dataset=[\"NNFF10_KAp_nlo\"]\n",
    "FF_KM_dataset=[\"NNFF10_KAm_nlo\"]"
   ]
  },
  {
   "cell_type": "code",
   "execution_count": 98,
   "metadata": {},
   "outputs": [],
   "source": [
    "def hadarray(filename):\n",
    "    tempdf=pd.read_csv(filename)\n",
    "    temphad_data=tempdf[\"hadron\"]\n",
    "    temphad=temphad_data.dropna().unique()\n",
    "    refined_had_array=[]\n",
    "    for i in range(0,len(temphad)):\n",
    "        if((temphad[i]==\"pi+\") or (temphad[i]==\"pi-\") or (temphad[i]==\"pi0\") or (temphad[i]==\"k+\") or (temphad[i]==\"k-\")):\n",
    "            refined_had_array.append(temphad[i])\n",
    "    return refined_had_array\n",
    "\n",
    "#print(hadarray(Datafile))\n",
    "\n",
    "def dataslice(filename,Had,Var):\n",
    "    tempdf=pd.read_csv(filename)\n",
    "    temp_slice=tempdf[(tempdf[\"hadron\"]==Had)&(tempdf[\"1D_dependence\"]==Var)]\n",
    "    tempQ2=np.array(temp_slice[\"Q2\"])\n",
    "    tempX=np.array(temp_slice[\"x\"])\n",
    "    tempZ=np.array(temp_slice[\"z\"])\n",
    "    tempPHT=np.array(temp_slice[\"phT\"])\n",
    "    tempSiv=np.array(temp_slice[\"Siv\"])\n",
    "    temperrSiv=np.array(temp_slice[\"tot_err\"])\n",
    "    return tempQ2,tempX,tempZ,tempPHT,tempSiv,temperrSiv\n",
    "\n",
    "def ks2Avg(m1,kperp2Avg):\n",
    "    test_ks2Avg=((m1**2)*kperp2Avg)/((m1**2)+kperp2Avg)\n",
    "    return test_ks2Avg\n",
    "\n",
    "def A0(z,pht,m1,kperp2Avg,pperp2Avg,eCharg):\n",
    "    tempA0part1=(((z**2)*kperp2Avg+pperp2Avg)*((ks2Avg(m1,kperp2Avg))**2))/((((z**2)*(ks2Avg(m1,kperp2Avg))+pperp2Avg)**2)*kperp2Avg)\n",
    "    tempA0part21=(pht**2)*(z**2)*(ks2Avg(m1,kperp2Avg) - kperp2Avg)\n",
    "    tempA0part22=((z**2)*(ks2Avg(m1,kperp2Avg))+pperp2Avg)*((z**2)*kperp2Avg+pperp2Avg)\n",
    "    tempA0part2=np.exp(-tempA0part21/tempA0part22)\n",
    "    tempA0part3=(np.sqrt(2*eCharg))*z*pht/m1\n",
    "    tempA0=tempA0part1*tempA0part2*tempA0part3\n",
    "    return tempA0\n",
    "\n",
    "#def NNq(x,Nq,aq,bq):\n",
    "#    tempNNq = Nq*(x**aq)*((1-x)**(bq))*((aq+bq)**(aq+bq))/((aq**aq)*(bq**bq))\n",
    "#    return np.abs(tempNNq)\n",
    "\n",
    "def NNq(x,Nq,aq,bq):\n",
    "    aaq=abs(aq)\n",
    "    bbq=abs(bq)\n",
    "    tempNNq = Nq*(x**aaq)*((1-x)**(bbq))*((aaq+bbq)**(aaq+bbq))/((aaq**aaq)*(bbq**bbq))\n",
    "    return tempNNq\n",
    "\n",
    "\n",
    "def NNqbar(x,Nqbar):\n",
    "    tempNNqbar = Nqbar\n",
    "    return tempNNqbar\n",
    "\n",
    "def xFxQ2(dataset,flavor,x,QQ):\n",
    "    temp_parton_dist_x=np.array(dataset.xfxQ2(flavor, x, QQ))\n",
    "    return temp_parton_dist_x\n",
    "\n",
    "def zFzQ(dataset,flavor,zz,QQ):\n",
    "    # Here \"0\" represents the central values from the girds\n",
    "    temp_zD1=lhapdf.mkPDF(dataset[0], 0)\n",
    "    zD1_vec=np.array(temp_zD1.xfxQ2(flavor,zz,QQ))\n",
    "    return zD1_vec\n",
    "\n",
    "\n",
    "def Asymmetry(QQ,x,z,pht,m1,Nu,au,bu,Nubar,Nd,ad,bd,Ndbar,Ns,aS,bs,Nsbar,lhaqID,lhaqbarID):\n",
    "    kperp2Avg=Kp2A\n",
    "    pperpAvg=Pp2A\n",
    "    eCharg=ee\n",
    "    if((lhaqID==2)and(lhaqbarID==-1)):\n",
    "        ### This is pi+\n",
    "        uCont1= NNq(x,Nu,au,bu)*(eU**2)*xFxQ2(PDFdataset,2,x,QQ)*zFzQ(FF_PiP_dataset,2,z,QQ)\n",
    "        ubarCont1= NNqbar(x,Nubar)*(eUbar**2)*xFxQ2(PDFdataset,-2,x,QQ)*zFzQ(FF_PiP_dataset,-2,z,QQ)\n",
    "        dCont1= NNq(x,Nd,ad,bd)*(eD**2)*xFxQ2(PDFdataset,1,x,QQ)*zFzQ(FF_PiP_dataset,1,z,QQ)\n",
    "        dbarCont1= NNqbar(x,Ndbar)*(eDbar**2)*xFxQ2(PDFdataset,-1,x,QQ)*zFzQ(FF_PiP_dataset,-1,z,QQ)\n",
    "        sCont1= NNq(x,Ns,aS,bs)*(eS**2)*xFxQ2(PDFdataset,3,x,QQ)*zFzQ(FF_PiP_dataset,3,z,QQ)\n",
    "        sbarCont1= NNqbar(x,Nsbar)*(eSbar**2)*xFxQ2(PDFdataset,-3,x,QQ)*zFzQ(FF_PiP_dataset,-3,z,QQ)\n",
    "        uCont2= (eU**2)*xFxQ2(PDFdataset,2,x,QQ)*zFzQ(FF_PiP_dataset,2,z,QQ)\n",
    "        ubarCont2= (eUbar**2)*xFxQ2(PDFdataset,-2,x,QQ)*zFzQ(FF_PiP_dataset,-2,z,QQ)\n",
    "        dCont2= (eD**2)*xFxQ2(PDFdataset,1,x,QQ)*zFzQ(FF_PiP_dataset,1,z,QQ)\n",
    "        dbarCont2=(eDbar**2)*xFxQ2(PDFdataset,-1,x,QQ)*zFzQ(FF_PiP_dataset,-1,z,QQ)\n",
    "        sCont2= (eS**2)*xFxQ2(PDFdataset,3,x,QQ)*zFzQ(FF_PiP_dataset,3,z,QQ)\n",
    "        sbarCont2= (eSbar**2)*xFxQ2(PDFdataset,-3,x,QQ)*zFzQ(FF_PiP_dataset,-3,z,QQ)\n",
    "        tempNumerator = uCont1 + ubarCont1 +dCont1 + dbarCont1 + sCont1 + sbarCont1\n",
    "        tempDenominator = uCont2 + ubarCont2 +dCont2 + dbarCont2 + sCont2 + sbarCont2\n",
    "        tempASiv = A0(z,pht,m1,kperp2Avg,pperpAvg,eCharg)*(tempNumerator/tempDenominator)\n",
    "    elif((lhaqID==1)and(lhaqbarID==-2)):\n",
    "        ### This is pi-\n",
    "        uCont1= NNq(x,Nu,au,bu)*(eU**2)*xFxQ2(PDFdataset,2,x,QQ)*zFzQ(FF_PiM_dataset,2,z,QQ)\n",
    "        ubarCont1= NNqbar(x,Nubar)*(eUbar**2)*xFxQ2(PDFdataset,-2,x,QQ)*zFzQ(FF_PiM_dataset,-2,z,QQ)\n",
    "        dCont1= NNq(x,Nd,ad,bd)*(eD**2)*xFxQ2(PDFdataset,1,x,QQ)*zFzQ(FF_PiM_dataset,1,z,QQ)\n",
    "        dbarCont1= NNqbar(x,Ndbar)*(eDbar**2)*xFxQ2(PDFdataset,-1,x,QQ)*zFzQ(FF_PiM_dataset,-1,z,QQ)\n",
    "        sCont1= NNq(x,Ns,aS,bs)*(eS**2)*xFxQ2(PDFdataset,3,x,QQ)*zFzQ(FF_PiM_dataset,3,z,QQ)\n",
    "        sbarCont1= NNqbar(x,Nsbar)*(eSbar**2)*xFxQ2(PDFdataset,-3,x,QQ)*zFzQ(FF_PiM_dataset,-3,z,QQ)\n",
    "        uCont2= (eU**2)*xFxQ2(PDFdataset,2,x,QQ)*zFzQ(FF_PiM_dataset,2,z,QQ)\n",
    "        ubarCont2= (eUbar**2)*xFxQ2(PDFdataset,-2,x,QQ)*zFzQ(FF_PiM_dataset,-2,z,QQ)\n",
    "        dCont2= (eD**2)*xFxQ2(PDFdataset,1,x,QQ)*zFzQ(FF_PiM_dataset,1,z,QQ)\n",
    "        dbarCont2= (eDbar**2)*xFxQ2(PDFdataset,-1,x,QQ)*zFzQ(FF_PiM_dataset,-1,z,QQ)\n",
    "        sCont2= (eS**2)*xFxQ2(PDFdataset,3,x,QQ)*zFzQ(FF_PiM_dataset,3,z,QQ)\n",
    "        sbarCont2= (eSbar**2)*xFxQ2(PDFdataset,-3,x,QQ)*zFzQ(FF_PiM_dataset,-3,z,QQ)\n",
    "        tempNumerator = uCont1 + ubarCont1 +dCont1 + dbarCont1 + sCont1 + sbarCont1\n",
    "        tempDenominator = uCont2 + ubarCont2 +dCont2 + dbarCont2 + sCont2 + sbarCont2\n",
    "        tempASiv = A0(z,pht,m1,kperp2Avg,pperpAvg,eCharg)*(tempNumerator/tempDenominator)\n",
    "    elif((lhaqID==1)and(lhaqbarID==-1)):\n",
    "        ### This is pi0\n",
    "        uCont1= NNq(x,Nu,au,bu)*(eU**2)*xFxQ2(PDFdataset,2,x,QQ)*zFzQ(FF_Pi0_dataset,2,z,QQ)\n",
    "        ubarCont1= NNqbar(x,Nubar)*(eUbar**2)*xFxQ2(PDFdataset,-2,x,QQ)*zFzQ(FF_Pi0_dataset,-2,z,QQ)\n",
    "        dCont1= NNq(x,Nd,ad,bd)*(eD**2)*xFxQ2(PDFdataset,1,x,QQ)*zFzQ(FF_Pi0_dataset,1,z,QQ)\n",
    "        dbarCont1= NNqbar(x,Ndbar)*(eDbar**2)*xFxQ2(PDFdataset,-1,x,QQ)*zFzQ(FF_Pi0_dataset,-1,z,QQ)\n",
    "        sCont1= NNq(x,Ns,aS,bs)*(eS**2)*xFxQ2(PDFdataset,3,x,QQ)*zFzQ(FF_Pi0_dataset,3,z,QQ)\n",
    "        sbarCont1= NNqbar(x,Nsbar)*(eSbar**2)*xFxQ2(PDFdataset,-3,x,QQ)*zFzQ(FF_Pi0_dataset,-3,z,QQ)\n",
    "        uCont2= (eU**2)*xFxQ2(PDFdataset,2,x,QQ)*zFzQ(FF_Pi0_dataset,2,z,QQ)\n",
    "        ubarCont2= (eUbar**2)*xFxQ2(PDFdataset,-2,x,QQ)*zFzQ(FF_Pi0_dataset,-2,z,QQ)\n",
    "        dCont2= (eD**2)*xFxQ2(PDFdataset,1,x,QQ)*zFzQ(FF_Pi0_dataset,1,z,QQ)\n",
    "        dbarCont2= (eDbar**2)*xFxQ2(PDFdataset,-1,x,QQ)*zFzQ(FF_Pi0_dataset,-1,z,QQ)\n",
    "        sCont2= (eS**2)*xFxQ2(PDFdataset,3,x,QQ)*zFzQ(FF_Pi0_dataset,3,z,QQ)\n",
    "        sbarCont2= (eSbar**2)*xFxQ2(PDFdataset,-3,x,QQ)*zFzQ(FF_Pi0_dataset,-3,z,QQ)\n",
    "        tempNumerator = uCont1 + ubarCont1 +dCont1 + dbarCont1 + sCont1 + sbarCont1\n",
    "        tempDenominator = uCont2 + ubarCont2 +dCont2 + dbarCont2 + sCont2 + sbarCont2\n",
    "        tempASiv = A0(z,pht,m1,kperp2Avg,pperpAvg,eCharg)*(tempNumerator/tempDenominator)\n",
    "    elif((lhaqID==2)and(lhaqbarID==-3)):\n",
    "        ### This is k+\n",
    "        uCont1= NNq(x,Nu,au,bu)*(eU**2)*xFxQ2(PDFdataset,2,x,QQ)*zFzQ(FF_KP_dataset,2,z,QQ)\n",
    "        ubarCont1= NNqbar(x,Nubar)*(eUbar**2)*xFxQ2(PDFdataset,-2,x,QQ)*zFzQ(FF_KP_dataset,-2,z,QQ)\n",
    "        dCont1= NNq(x,Nd,ad,bd)*(eD**2)*xFxQ2(PDFdataset,1,x,QQ)*zFzQ(FF_KP_dataset,1,z,QQ)\n",
    "        dbarCont1= NNqbar(x,Ndbar)*(eDbar**2)*xFxQ2(PDFdataset,-1,x,QQ)*zFzQ(FF_KP_dataset,-1,z,QQ)\n",
    "        sCont1= NNq(x,Ns,aS,bs)*(eS**2)*xFxQ2(PDFdataset,3,x,QQ)*zFzQ(FF_KP_dataset,3,z,QQ)\n",
    "        sbarCont1= NNqbar(x,Nsbar)*(eSbar**2)*xFxQ2(PDFdataset,-3,x,QQ)*zFzQ(FF_KP_dataset,-3,z,QQ)\n",
    "        uCont2= (eU**2)*xFxQ2(PDFdataset,2,x,QQ)*zFzQ(FF_KP_dataset,2,z,QQ)\n",
    "        ubarCont2= (eUbar**2)*xFxQ2(PDFdataset,-2,x,QQ)*zFzQ(FF_KP_dataset,-2,z,QQ)\n",
    "        dCont2= (eD**2)*xFxQ2(PDFdataset,1,x,QQ)*zFzQ(FF_KP_dataset,1,z,QQ)\n",
    "        dbarCont2= (eDbar**2)*xFxQ2(PDFdataset,-1,x,QQ)*zFzQ(FF_KP_dataset,-1,z,QQ)\n",
    "        sCont2= (eS**2)*xFxQ2(PDFdataset,3,x,QQ)*zFzQ(FF_KP_dataset,3,z,QQ)\n",
    "        sbarCont2= (eSbar**2)*xFxQ2(PDFdataset,-3,x,QQ)*zFzQ(FF_KP_dataset,-3,z,QQ)\n",
    "        tempNumerator = uCont1 + ubarCont1 +dCont1 + dbarCont1 + sCont1 + sbarCont1\n",
    "        tempDenominator = uCont2 + ubarCont2 +dCont2 + dbarCont2 + sCont2 + sbarCont2\n",
    "        tempASiv = A0(z,pht,m1,kperp2Avg,pperpAvg,eCharg)*(tempNumerator/tempDenominator)\n",
    "    elif((lhaqID==3)and(lhaqbarID==-2)):\n",
    "        ### This is k+\n",
    "        uCont1= NNq(x,Nu,au,bu)*(eU**2)*xFxQ2(PDFdataset,2,x,QQ)*zFzQ(FF_KM_dataset,2,z,QQ)\n",
    "        ubarCont1= NNqbar(x,Nubar)*(eUbar**2)*xFxQ2(PDFdataset,-2,x,QQ)*zFzQ(FF_KM_dataset,-2,z,QQ)\n",
    "        dCont1= NNq(x,Nd,ad,bd)*(eD**2)*xFxQ2(PDFdataset,1,x,QQ)*zFzQ(FF_KM_dataset,1,z,QQ)\n",
    "        dbarCont1= NNqbar(x,Ndbar)*(eDbar**2)*xFxQ2(PDFdataset,-1,x,QQ)*zFzQ(FF_KM_dataset,-1,z,QQ)\n",
    "        sCont1= NNq(x,Ns,aS,bs)*(eS**2)*xFxQ2(PDFdataset,3,x,QQ)*zFzQ(FF_KM_dataset,3,z,QQ)\n",
    "        sbarCont1= NNqbar(x,Nsbar)*(eSbar**2)*xFxQ2(PDFdataset,-3,x,QQ)*zFzQ(FF_KM_dataset,-3,z,QQ)\n",
    "        uCont2= (eU**2)*xFxQ2(PDFdataset,2,x,QQ)*zFzQ(FF_KM_dataset,2,z,QQ)\n",
    "        ubarCont2= (eUbar**2)*xFxQ2(PDFdataset,-2,x,QQ)*zFzQ(FF_KM_dataset,-2,z,QQ)\n",
    "        dCont2= (eD**2)*xFxQ2(PDFdataset,1,x,QQ)*zFzQ(FF_KM_dataset,1,z,QQ)\n",
    "        dbarCont2= (eDbar**2)*xFxQ2(PDFdataset,-1,x,QQ)*zFzQ(FF_KM_dataset,-1,z,QQ)\n",
    "        sCont2= (eS**2)*xFxQ2(PDFdataset,3,x,QQ)*zFzQ(FF_KM_dataset,3,z,QQ)\n",
    "        sbarCont2= (eSbar**2)*xFxQ2(PDFdataset,-3,x,QQ)*zFzQ(FF_KM_dataset,-3,z,QQ)\n",
    "        tempNumerator = uCont1 + ubarCont1 +dCont1 + dbarCont1 + sCont1 + sbarCont1\n",
    "        tempDenominator = uCont2 + ubarCont2 +dCont2 + dbarCont2 + sCont2 + sbarCont2\n",
    "        tempASiv = A0(z,pht,m1,kperp2Avg,pperpAvg,eCharg)*(tempNumerator/tempDenominator)\n",
    "    return tempASiv\n",
    "\n",
    "\n"
   ]
  },
  {
   "cell_type": "code",
   "execution_count": 99,
   "metadata": {},
   "outputs": [],
   "source": [
    "## ** two stars represents a dictionary\n",
    "def ASivFitHadron(hadron,KV,**parms):\n",
    "    m1= parms[\"m1\"]\n",
    "    Nu = parms[\"Nu\"]\n",
    "    alphau= parms[\"alphau\"]\n",
    "    betau = parms[\"betau\"]\n",
    "    Nubar = parms[\"Nubar\"]\n",
    "    Nd = parms[\"Nd\"]\n",
    "    alphad= parms[\"alphad\"]\n",
    "    betad = parms[\"betad\"]\n",
    "    Ndbar = parms[\"Ndbar\"]\n",
    "    Ns = parms[\"Ns\"]\n",
    "    alphas= parms[\"alphas\"]\n",
    "    betas = parms[\"betas\"]\n",
    "    Nsbar = parms[\"Nsbar\"]\n",
    "    if(hadron==\"pi+\"):\n",
    "        Qflag=2\n",
    "        AniQflag=-1\n",
    "    elif(hadron==\"pi-\"):\n",
    "        Qflag=1\n",
    "        AniQflag=-2\n",
    "    elif(hadron==\"pi0\"):\n",
    "        Qflag=1\n",
    "        AniQflag=-1\n",
    "    elif(hadron==\"k+\"):\n",
    "        Qflag=2\n",
    "        AniQflag=-3\n",
    "    elif(hadron==\"k-\"):\n",
    "        Qflag=3\n",
    "        AniQflag=-2\n",
    "    ################\n",
    "    QQ,x,z,pht=KV\n",
    "    array_size=len(x)\n",
    "    tempASivHad_val=[]\n",
    "    for i in range(0,array_size):\n",
    "        tempASivHad=Asymmetry(QQ[i],x[i],z[i],pht[i],m1,Nu,alphau,betau,Nubar,Nd,alphad,betad,Ndbar,Ns,alphas,betas,Nsbar,Qflag,AniQflag)       \n",
    "        tempASivHad_val.append(tempASivHad)\n",
    "    return tempASivHad_val\n",
    "\n",
    "\n",
    "#ASivFitHadron(\"pi+\",Kin_hadron(DataFilesArray[0],\"pi+\"),m1=1,Nu=1,alphau=1,betau=1,Nubar=1,Nd=1,alphad=1,betad=1,Ndbar=1,Ns=1,alphas=1,betas=1,Nsbar=1)"
   ]
  },
  {
   "cell_type": "code",
   "execution_count": 100,
   "metadata": {},
   "outputs": [],
   "source": [
    "def Kin_hadron(datfile,hadron):\n",
    "    tempXfile=dataslice(datfile,hadron,\"x\")\n",
    "    tempZfile=dataslice(datfile,hadron,\"z\")\n",
    "    tempPhTfile=dataslice(datfile,hadron,\"phT\")\n",
    "    ##### Q2 ################\n",
    "    tempQ2_x=np.array(tempXfile[0])\n",
    "    tempQ2_z=np.array(tempZfile[0])\n",
    "    tempQ2_phT=np.array(tempPhTfile[0])\n",
    "    tempQ2=np.concatenate((tempQ2_x,tempQ2_z,tempQ2_phT))\n",
    "    ##### X ################\n",
    "    tempX_x=np.array(tempXfile[1])\n",
    "    tempX_z=np.array(tempZfile[1])\n",
    "    tempX_phT=np.array(tempPhTfile[1])\n",
    "    tempX=np.concatenate((tempX_x,tempX_z,tempX_phT))\n",
    "    ##### Z ################\n",
    "    tempZ_x=np.array(tempXfile[2])\n",
    "    tempZ_z=np.array(tempZfile[2])\n",
    "    tempZ_phT=np.array(tempPhTfile[2])\n",
    "    tempZ=np.concatenate((tempZ_x,tempZ_z,tempZ_phT))\n",
    "    ##### phT ################\n",
    "    tempphT_x=np.array(tempXfile[3])\n",
    "    tempphT_z=np.array(tempZfile[3])\n",
    "    tempphT_phT=np.array(tempPhTfile[3])\n",
    "    tempphT=np.concatenate((tempphT_x,tempphT_z,tempphT_phT))\n",
    "    return tempQ2,tempX,tempZ,tempphT\n",
    "\n",
    "\n",
    "def Kin_Had(datfile):\n",
    "    had_len=len(hadarray(datfile))\n",
    "    temHads=hadarray(datfile)\n",
    "    temp_kin=[]\n",
    "    for i in range(0,had_len):\n",
    "        temp_kin.append(Kin_hadron(datfile,temHads[i]))        \n",
    "    return temp_kin\n",
    "\n",
    "#print(len(Kin_Had(Datafile)))\n",
    "#print(Kin_Had(Datafile)[3])\n",
    "\n",
    "\n",
    "#### Sivers values\n",
    "\n",
    "def ASiv_data(datfile,hadron):\n",
    "    tempXfile=dataslice(datfile,hadron,\"x\")\n",
    "    tempZfile=dataslice(datfile,hadron,\"z\")\n",
    "    tempPhTfile=dataslice(datfile,hadron,\"phT\")    \n",
    "    ##### Asy ################\n",
    "    tempAsy_x=np.array(tempXfile[4])\n",
    "    tempAsy_z=np.array(tempZfile[4])\n",
    "    tempAsy_phT=np.array(tempPhTfile[4])\n",
    "    tempAsy=np.concatenate((tempAsy_x,tempAsy_z,tempAsy_phT))\n",
    "    ##### err ################\n",
    "    tempAsyErr_x=np.array(tempXfile[5])\n",
    "    tempAsyErr_z=np.array(tempZfile[5])\n",
    "    tempAsyErr_phT=np.array(tempPhTfile[5])\n",
    "    tempAsyErr=np.concatenate((tempAsyErr_x,tempAsyErr_z,tempAsyErr_phT))\n",
    "    return tempAsy,tempAsyErr\n",
    "\n",
    "def ASiv_Val(datfile):\n",
    "    had_len=len(hadarray(datfile))\n",
    "    temHads=hadarray(datfile)\n",
    "    temp_SivData=[]\n",
    "    for i in range(0,had_len):\n",
    "        temp_SivData.append(ASiv_data(datfile,temHads[i])[0])        \n",
    "    return temp_SivData\n",
    "\n",
    "def ASiv_Err(datfile):\n",
    "    had_len=len(hadarray(datfile))\n",
    "    temHads=hadarray(datfile)\n",
    "    temp_SivData=[]\n",
    "    for i in range(0,had_len):\n",
    "        temp_SivData.append(ASiv_data(datfile,temHads[i])[1])        \n",
    "    return temp_SivData\n",
    "\n",
    "#print(np.concatenate(ASiv_Val(Datafile), axis=None))\n",
    "#print(np.concatenate(ASiv_Err(Datafile), axis=None))"
   ]
  },
  {
   "cell_type": "code",
   "execution_count": null,
   "metadata": {},
   "outputs": [],
   "source": [
    "#ASivFitHadron(\"pi+\",Kin_hadron(Datafile,\"pi+\"),m1=1,Nu=1,alphau=1,betau=1,Ndbar=1)\n",
    "#print(len(Kin_Had(DataFilesArray[0])),len(ASiv_Val(DataFilesArray[0])))"
   ]
  },
  {
   "cell_type": "code",
   "execution_count": 101,
   "metadata": {},
   "outputs": [],
   "source": [
    "##### This function will calculate the theory values for each data set\n",
    "\n",
    "def totalfitDataSet(datfile,m1,Nu,alphau,betau,Nubar,Nd,alphad,betad,Ndbar,Ns,alphas,betas,Nsbar):\n",
    "    had_len=len(hadarray(datfile))\n",
    "    temHads=hadarray(datfile)\n",
    "    fittot=[]\n",
    "    for i in range(0,had_len):\n",
    "        if temHads[i]==\"pi+\":\n",
    "            tempfit=ASivFitHadron(\"pi+\",Kin_hadron(datfile,\"pi+\"),m1=m1,Nu=Nu,alphau=alphau,betau=betau,Nubar=Nubar,Nd=Nd,alphad=alphad,betad=betad,Ndbar=Ndbar,Ns=Ns,alphas=alphas,betas=betas,Nsbar=Nsbar)\n",
    "            fittot.append(tempfit)\n",
    "        elif temHads[i]==\"pi-\":\n",
    "            tempfit=ASivFitHadron(\"pi-\",Kin_hadron(datfile,\"pi-\"),m1=m1,Nu=Nu,alphau=alphau,betau=betau,Nubar=Nubar,Nd=Nd,alphad=alphad,betad=betad,Ndbar=Ndbar,Ns=Ns,alphas=alphas,betas=betas,Nsbar=Nsbar)\n",
    "            fittot.append(tempfit)\n",
    "        elif temHads[i]==\"pi0\":\n",
    "            tempfit=ASivFitHadron(\"pi0\",Kin_hadron(datfile,\"pi0\"),m1=m1,Nu=Nu,alphau=alphau,betau=betau,Nubar=Nubar,Nd=Nd,alphad=alphad,betad=betad,Ndbar=Ndbar,Ns=Ns,alphas=alphas,betas=betas,Nsbar=Nsbar)\n",
    "            fittot.append(tempfit)\n",
    "        elif temHads[i]==\"k+\":\n",
    "            tempfit=ASivFitHadron(\"k+\",Kin_hadron(datfile,\"k+\"),m1=m1,Nu=Nu,alphau=alphau,betau=betau,Nubar=Nubar,Nd=Nd,alphad=alphad,betad=betad,Ndbar=Ndbar,Ns=Ns,alphas=alphas,betas=betas,Nsbar=Nsbar)\n",
    "            fittot.append(tempfit)\n",
    "        elif temHads[i]==\"k-\":\n",
    "            tempfit=ASivFitHadron(\"k-\",Kin_hadron(datfile,\"k-\"),m1=m1,Nu=Nu,alphau=alphau,betau=betau,Nubar=Nubar,Nd=Nd,alphad=alphad,betad=betad,Ndbar=Ndbar,Ns=Ns,alphas=alphas,betas=betas,Nsbar=Nsbar)\n",
    "            fittot.append(tempfit)\n",
    "    return np.concatenate((fittot), axis=None)\n",
    "\n",
    "\n",
    "### This function will combine all the data sets into a single array\n",
    "\n",
    "def totalfitfunc(datfilesarray,m1,Nu,alphau,betau,Nubar,Nd,alphad,betad,Ndbar,Ns,alphas,betas,Nsbar):\n",
    "    datfilesnum=len(datfilesarray)\n",
    "    temptotal=[]\n",
    "    for i in range(0,datfilesnum):\n",
    "        temptotal.append(totalfitDataSet(datfilesarray[i],m1,Nu,alphau,betau,Nubar,Nd,alphad,betad,Ndbar,Ns,alphas,betas,Nsbar))\n",
    "    return np.concatenate((temptotal), axis=None)\n",
    "\n",
    "\n",
    "### This function collects all data and combine together into one array\n",
    "    \n",
    "def SiversVals(datafilesarray):\n",
    "    datfilesnum=len(datafilesarray)\n",
    "    tempSiv=[]\n",
    "    for i in range(0,datfilesnum):\n",
    "        tempSiv.append(ASiv_Val(datafilesarray[i]))\n",
    "    tempflatSiv=np.concatenate((tempSiv), axis=None)\n",
    "    return np.concatenate((tempflatSiv), axis=None)\n",
    "\n",
    "def SiversErrVals(datafilesarray):\n",
    "    datfilesnum=len(datafilesarray)\n",
    "    tempSivErr=[]\n",
    "    for i in range(0,datfilesnum):\n",
    "        tempSivErr.append(ASiv_Err(datafilesarray[i]))\n",
    "    tempflatSivErr=np.concatenate((tempSivErr), axis=None)\n",
    "    return np.concatenate((tempflatSivErr), axis=None)\n",
    "\n"
   ]
  },
  {
   "cell_type": "code",
   "execution_count": 6,
   "metadata": {},
   "outputs": [
    {
     "name": "stderr",
     "output_type": "stream",
     "text": [
      "<ipython-input-2-f41c781ff866>:38: RuntimeWarning: invalid value encountered in double_scalars\n",
      "  tempNNq = Nq*(x**aq)*((1-x)**(bq))*((aq+bq)**(aq+bq))/((aq**aq)*(bq**bq))\n"
     ]
    }
   ],
   "source": [
    "### This is where I'm trying to do the global fit\n",
    "def totalfitfunc(datfilesarray,m1,Nu,alphau,betau,Nubar,Nd,alphad,betad,Ndbar,Ns,alphas,betas,Nsbar):\n",
    "    Dat1='Data/HERMES_p_2009.csv'\n",
    "    #Dat2='Data/HERMES_p_2020.csv'\n",
    "    #Dat3='Data/COMPASS_d_2009.csv'\n",
    "    #Dat4='Data/COMPASS_p_2015.csv'\n",
    "    datfilesarray=[Dat1]\n",
    "    datfilesnum=len(datfilesarray)\n",
    "    temptotal=[]\n",
    "    for i in range(0,datfilesnum):\n",
    "        temptotal.append(totalfitDataSet(datfilesarray[i],m1,Nu,alphau,betau,Nubar,Nd,alphad,betad,Ndbar,Ns,alphas,betas,Nsbar))\n",
    "    return np.concatenate((temptotal), axis=None)\n",
    "\n",
    "M1_test=np.sqrt(0.8)\n",
    "\n",
    "AlphaU_test=1.0\n",
    "BetaU_test=6.6\n",
    "AlphaD_test=1.9\n",
    "BetaD_test=10\n",
    "AlphaS_test=0\n",
    "BetaS_test=0\n",
    "\n",
    "NU_test=0.18\n",
    "NUbar_test=-0.01\n",
    "ND_test=-0.52\n",
    "NDbar_test=-0.06\n",
    "NS_test=0\n",
    "NSbar_test=0\n",
    "\n",
    "p0=M1_test,NU_test,AlphaU_test,BetaU_test,NUbar_test,ND_test,AlphaD_test,BetaD_test,NDbar_test,NS_test,AlphaS_test,BetaS_test,NSbar_test\n",
    "\n",
    "#p0=1,1,1,1,1,1,1,1,1,1,1,1,1\n",
    "result, result_cov=opt.curve_fit(totalfitfunc,pd.get_dummies(DataFilesArray),SiversVals(DataFilesArray),p0,sigma=SiversErrVals(DataFilesArray),method='lm')\n",
    "#result, result_cov=opt.curve_fit(totalfitfunc,DataFilesArray,SiversVals(DataFilesArray),p0,sigma=SiversErrVals(DataFilesArray),method='lm')"
   ]
  },
  {
   "cell_type": "code",
   "execution_count": 7,
   "metadata": {
    "scrolled": true
   },
   "outputs": [
    {
     "data": {
      "text/plain": [
       "array([ 1.30340206e+00,  1.69545390e-01,  6.45520993e-01,  3.12185077e+00,\n",
       "        7.60454727e-03, -4.34490966e-01,  1.77725228e+00,  7.78838430e+00,\n",
       "       -1.41958803e-01,  5.62612315e-01,  6.84420220e-05,  5.98748065e-10,\n",
       "       -1.22062004e-01])"
      ]
     },
     "execution_count": 7,
     "metadata": {},
     "output_type": "execute_result"
    }
   ],
   "source": [
    "result\n",
    "#array([ 2.97274466e+03,  2.48920905e+02,  1.94530335e+00,  1.04031939e+01,\n",
    "#        4.78724724e+01, -5.96001151e+02,  1.32058185e+00,  7.37537931e+00,\n",
    "#        6.51999369e+01])"
   ]
  },
  {
   "cell_type": "code",
   "execution_count": null,
   "metadata": {
    "scrolled": true
   },
   "outputs": [],
   "source": [
    "np.diag(result_cov)\n",
    "#array([6.64601564e+17, 4.65981579e+15, 1.37618189e-01, 9.27009474e+00,\n",
    "#       1.72352580e+14, 2.67140788e+16, 3.78662028e-01, 3.92739420e+01,\n",
    "#       3.19698326e+14])"
   ]
  },
  {
   "cell_type": "code",
   "execution_count": 9,
   "metadata": {},
   "outputs": [
    {
     "data": {
      "text/plain": [
       "array([[ 5.91342007e-02,  4.35054525e-03, -4.91697414e-02,\n",
       "        -1.20757843e-01, -2.69161138e-04, -6.18279186e-03,\n",
       "         2.40874651e-03,  9.60239570e-02, -3.26756848e-02,\n",
       "        -1.14863614e-03, -1.20308863e-02,  4.70341396e-05,\n",
       "        -8.58350306e-02],\n",
       "       [ 4.35054525e-03,  1.14060806e-03, -1.05122198e-02,\n",
       "        -6.29845223e-02, -9.24105460e-04, -2.54318268e-03,\n",
       "         1.65198432e-02,  2.85675930e-02, -1.00232632e-02,\n",
       "         6.92581622e-03, -2.55373066e-04,  1.11329186e-05,\n",
       "        -3.01196398e-02],\n",
       "       [-4.91697414e-02, -1.05122198e-02,  6.60066263e-01,\n",
       "         3.32267351e+00,  5.55534054e-02, -2.08161082e-02,\n",
       "        -2.11147309e-01,  5.62329229e-01,  3.36702123e-01,\n",
       "        -3.33415815e-02,  2.70486302e-01, -3.62226547e-04,\n",
       "         1.07495351e+00],\n",
       "       [-1.20757843e-01, -6.29845223e-02,  3.32267351e+00,\n",
       "         2.04245018e+01,  2.79802361e-01,  7.20536740e-02,\n",
       "         1.40108874e-01,  1.41795697e+01,  1.33381064e+00,\n",
       "        -2.01684488e-01,  1.36804386e+00, -1.20943842e-03,\n",
       "         4.16808376e+00],\n",
       "       [-2.69161138e-04, -9.24105460e-04,  5.55534054e-02,\n",
       "         2.79802361e-01,  3.00048318e-02, -1.08571513e-02,\n",
       "        -2.51345795e-01, -9.92413787e-01,  4.96010345e-02,\n",
       "        -7.18947077e-02,  1.26718099e-01,  7.25495474e-05,\n",
       "         1.17044006e-01],\n",
       "       [-6.18279186e-03, -2.54318268e-03, -2.08161082e-02,\n",
       "         7.20536740e-02, -1.08571513e-02,  3.34570010e-02,\n",
       "         1.05839558e-01,  9.71248674e-01, -2.42019003e-02,\n",
       "         3.35224910e-02, -3.76196545e-02, -1.36068103e-05,\n",
       "        -7.14174274e-02],\n",
       "       [ 2.40874651e-03,  1.65198432e-02, -2.11147309e-01,\n",
       "         1.40108874e-01, -2.51345795e-01,  1.05839558e-01,\n",
       "         5.08913224e+00,  2.80510990e+01, -6.11846636e-01,\n",
       "         4.36701396e-01, -1.14046001e+00, -4.60500751e-05,\n",
       "        -1.66807622e+00],\n",
       "       [ 9.60239570e-02,  2.85675930e-02,  5.62329229e-01,\n",
       "         1.41795697e+01, -9.92413787e-01,  9.71248674e-01,\n",
       "         2.80510990e+01,  1.76812553e+02, -2.52456150e+00,\n",
       "         1.36383998e+00, -4.75564885e+00,  5.07215720e-04,\n",
       "        -6.90265983e+00],\n",
       "       [-3.26756848e-02, -1.00232632e-02,  3.36702123e-01,\n",
       "         1.33381064e+00,  4.96010345e-02, -2.42019003e-02,\n",
       "        -6.11846636e-01, -2.52456150e+00,  3.02744649e-01,\n",
       "        -1.22010518e-01,  1.79128549e-01, -2.59262668e-04,\n",
       "         8.20936536e-01],\n",
       "       [-1.14863614e-03,  6.92581622e-03, -3.33415815e-02,\n",
       "        -2.01684488e-01, -7.18947077e-02,  3.35224910e-02,\n",
       "         4.36701396e-01,  1.36383998e+00, -1.22010518e-01,\n",
       "         4.50473981e-01, -1.06765493e-01, -1.65420240e-04,\n",
       "        -2.82696818e-01],\n",
       "       [-1.20308863e-02, -2.55373066e-04,  2.70486302e-01,\n",
       "         1.36804386e+00,  1.26718099e-01, -3.76196545e-02,\n",
       "        -1.14046001e+00, -4.75564885e+00,  1.79128549e-01,\n",
       "        -1.06765493e-01,  6.84337905e-01,  3.90131566e-04,\n",
       "         3.73887167e-01],\n",
       "       [ 4.70341396e-05,  1.11329186e-05, -3.62226547e-04,\n",
       "        -1.20943842e-03,  7.25495474e-05, -1.36068103e-05,\n",
       "        -4.60500751e-05,  5.07215720e-04, -2.59262668e-04,\n",
       "        -1.65420240e-04,  3.90131566e-04,  2.13514594e-05,\n",
       "        -1.14804587e-03],\n",
       "       [-8.58350306e-02, -3.01196398e-02,  1.07495351e+00,\n",
       "         4.16808376e+00,  1.17044006e-01, -7.14174274e-02,\n",
       "        -1.66807622e+00, -6.90265983e+00,  8.20936536e-01,\n",
       "        -2.82696818e-01,  3.73887167e-01, -1.14804587e-03,\n",
       "         3.14267655e+00]])"
      ]
     },
     "execution_count": 9,
     "metadata": {},
     "output_type": "execute_result"
    }
   ],
   "source": [
    "result_cov"
   ]
  },
  {
   "cell_type": "code",
   "execution_count": 103,
   "metadata": {},
   "outputs": [],
   "source": [
    "resultH09 =([ 1.30340206e+00,  1.69545390e-01,  6.45520993e-01,  3.12185077e+00,\n",
    "        7.60454727e-03, -4.34490966e-01,  1.77725228e+00,  7.78838430e+00,\n",
    "       -1.41958803e-01,  5.62612315e-01,  6.84420220e-05,  5.98748065e-10,\n",
    "       -1.22062004e-01])\n",
    "result_cov_H09 = ([[ 5.91342007e-02,  4.35054525e-03, -4.91697414e-02,\n",
    "        -1.20757843e-01, -2.69161138e-04, -6.18279186e-03,\n",
    "         2.40874651e-03,  9.60239570e-02, -3.26756848e-02,\n",
    "        -1.14863614e-03, -1.20308863e-02,  4.70341396e-05,\n",
    "        -8.58350306e-02],\n",
    "       [ 4.35054525e-03,  1.14060806e-03, -1.05122198e-02,\n",
    "        -6.29845223e-02, -9.24105460e-04, -2.54318268e-03,\n",
    "         1.65198432e-02,  2.85675930e-02, -1.00232632e-02,\n",
    "         6.92581622e-03, -2.55373066e-04,  1.11329186e-05,\n",
    "        -3.01196398e-02],\n",
    "       [-4.91697414e-02, -1.05122198e-02,  6.60066263e-01,\n",
    "         3.32267351e+00,  5.55534054e-02, -2.08161082e-02,\n",
    "        -2.11147309e-01,  5.62329229e-01,  3.36702123e-01,\n",
    "        -3.33415815e-02,  2.70486302e-01, -3.62226547e-04,\n",
    "         1.07495351e+00],\n",
    "       [-1.20757843e-01, -6.29845223e-02,  3.32267351e+00,\n",
    "         2.04245018e+01,  2.79802361e-01,  7.20536740e-02,\n",
    "         1.40108874e-01,  1.41795697e+01,  1.33381064e+00,\n",
    "        -2.01684488e-01,  1.36804386e+00, -1.20943842e-03,\n",
    "         4.16808376e+00],\n",
    "       [-2.69161138e-04, -9.24105460e-04,  5.55534054e-02,\n",
    "         2.79802361e-01,  3.00048318e-02, -1.08571513e-02,\n",
    "        -2.51345795e-01, -9.92413787e-01,  4.96010345e-02,\n",
    "        -7.18947077e-02,  1.26718099e-01,  7.25495474e-05,\n",
    "         1.17044006e-01],\n",
    "       [-6.18279186e-03, -2.54318268e-03, -2.08161082e-02,\n",
    "         7.20536740e-02, -1.08571513e-02,  3.34570010e-02,\n",
    "         1.05839558e-01,  9.71248674e-01, -2.42019003e-02,\n",
    "         3.35224910e-02, -3.76196545e-02, -1.36068103e-05,\n",
    "        -7.14174274e-02],\n",
    "       [ 2.40874651e-03,  1.65198432e-02, -2.11147309e-01,\n",
    "         1.40108874e-01, -2.51345795e-01,  1.05839558e-01,\n",
    "         5.08913224e+00,  2.80510990e+01, -6.11846636e-01,\n",
    "         4.36701396e-01, -1.14046001e+00, -4.60500751e-05,\n",
    "        -1.66807622e+00],\n",
    "       [ 9.60239570e-02,  2.85675930e-02,  5.62329229e-01,\n",
    "         1.41795697e+01, -9.92413787e-01,  9.71248674e-01,\n",
    "         2.80510990e+01,  1.76812553e+02, -2.52456150e+00,\n",
    "         1.36383998e+00, -4.75564885e+00,  5.07215720e-04,\n",
    "        -6.90265983e+00],\n",
    "       [-3.26756848e-02, -1.00232632e-02,  3.36702123e-01,\n",
    "         1.33381064e+00,  4.96010345e-02, -2.42019003e-02,\n",
    "        -6.11846636e-01, -2.52456150e+00,  3.02744649e-01,\n",
    "        -1.22010518e-01,  1.79128549e-01, -2.59262668e-04,\n",
    "         8.20936536e-01],\n",
    "       [-1.14863614e-03,  6.92581622e-03, -3.33415815e-02,\n",
    "        -2.01684488e-01, -7.18947077e-02,  3.35224910e-02,\n",
    "         4.36701396e-01,  1.36383998e+00, -1.22010518e-01,\n",
    "         4.50473981e-01, -1.06765493e-01, -1.65420240e-04,\n",
    "        -2.82696818e-01],\n",
    "       [-1.20308863e-02, -2.55373066e-04,  2.70486302e-01,\n",
    "         1.36804386e+00,  1.26718099e-01, -3.76196545e-02,\n",
    "        -1.14046001e+00, -4.75564885e+00,  1.79128549e-01,\n",
    "        -1.06765493e-01,  6.84337905e-01,  3.90131566e-04,\n",
    "         3.73887167e-01],\n",
    "       [ 4.70341396e-05,  1.11329186e-05, -3.62226547e-04,\n",
    "        -1.20943842e-03,  7.25495474e-05, -1.36068103e-05,\n",
    "        -4.60500751e-05,  5.07215720e-04, -2.59262668e-04,\n",
    "        -1.65420240e-04,  3.90131566e-04,  2.13514594e-05,\n",
    "        -1.14804587e-03],\n",
    "       [-8.58350306e-02, -3.01196398e-02,  1.07495351e+00,\n",
    "         4.16808376e+00,  1.17044006e-01, -7.14174274e-02,\n",
    "        -1.66807622e+00, -6.90265983e+00,  8.20936536e-01,\n",
    "        -2.82696818e-01,  3.73887167e-01, -1.14804587e-03,\n",
    "         3.14267655e+00]])"
   ]
  },
  {
   "cell_type": "code",
   "execution_count": null,
   "metadata": {},
   "outputs": [],
   "source": [
    "### This function can be used to make a plot for a given data set.hadron,dependence\n",
    "dep=\"x\"\n",
    "had=\"pi+\"\n",
    "\n",
    "def PlotSivHad(datfile,hadron,dependence):\n",
    "    data_points=len(dataslice(datfile,hadron,dependence)[0])\n",
    "    temp_kinematics=np.array(dataslice(datfile,hadron,dependence))\n",
    "    if(dependence==\"x\"):\n",
    "        dep_index=1\n",
    "    elif(dependence==\"z\"):\n",
    "        dep_index=2\n",
    "    elif(dependence==\"phT\"):\n",
    "        dep_index=3\n",
    "    tempQ=temp_kinematics[0]\n",
    "    tempX=temp_kinematics[1]\n",
    "    tempZ=temp_kinematics[2]\n",
    "    tempphT=temp_kinematics[3]\n",
    "    temp_exp=temp_kinematics[4]\n",
    "    temp_sigma=temp_kinematics[5]\n",
    "    temp_theory=ASivFitHadron(had,(tempQ,tempX,tempZ,tempphT),m1=result[0],Nu=result[1],alphau=result[2],betau=result[3],Nubar=result[4],Nd=result[5],alphad=result[6],betad=result[7],Ndbar=result[8],Ns=result[9],alphas=result[10],betas=result[11],Nsbar=result[12])\n",
    "    plt.plot(temp_kinematics[dep_index],temp_theory,'red')\n",
    "    plt.errorbar(temp_kinematics[dep_index],temp_kinematics[4],temp_kinematics[5],fmt='o',color='blue')\n",
    "\n",
    "PlotSivHad(DataFilesArray[0],had,dep)"
   ]
  },
  {
   "cell_type": "code",
   "execution_count": 17,
   "metadata": {},
   "outputs": [
    {
     "name": "stdout",
     "output_type": "stream",
     "text": [
      "1.840273214786608\n"
     ]
    }
   ],
   "source": [
    "theoryH09=totalfitfunc(DataFilesArray,*resultH09)\n",
    "\n",
    "def totchi2(y,yhat,err):\n",
    "    tempval=np.sum(((y-yhat)/err)**2)\n",
    "    return tempval\n",
    "\n",
    "#1.840273214786608\n",
    "\n",
    "print(totchi2(SiversVals(DataFilesArray),theoryH09,SiversErrVals(DataFilesArray))/len(SiversVals(DataFilesArray)))"
   ]
  },
  {
   "cell_type": "code",
   "execution_count": 14,
   "metadata": {},
   "outputs": [
    {
     "name": "stdout",
     "output_type": "stream",
     "text": [
      "105\n",
      "31.43046935261303\n"
     ]
    }
   ],
   "source": [
    "theory_org=totalfitfunc(DataFilesArray,m1=M1_test,Nu=NU_test,alphau=AlphaU_test,betau=BetaU_test,Nubar=NUbar_test,Nd=ND_test,alphad=AlphaD_test,betad=BetaD_test,Ndbar=NDbar_test,Ns=NS_test,alphas=AlphaS_test,betas=BetaS_test,Nsbar=NSbar_test)\n",
    "\n",
    "print(len(SiversVals(DataFilesArray)))\n",
    "print(totchi2(SiversVals(DataFilesArray),theory_org,SiversErrVals(DataFilesArray))/len(SiversVals(DataFilesArray)))"
   ]
  },
  {
   "cell_type": "code",
   "execution_count": null,
   "metadata": {},
   "outputs": [],
   "source": [
    "hadron_type=pi+\n",
    "Kin_hadron(datfile,hadron)\n",
    "ASivFitHadron(hadron,KV,**parms)"
   ]
  },
  {
   "cell_type": "code",
   "execution_count": 144,
   "metadata": {},
   "outputs": [],
   "source": [
    "def param_samples(pars, cov):\n",
    "    par_sample = []\n",
    "    org_theory=totalfitfunc(DataFilesArray,*pars)\n",
    "    org_chi2=totchi2(SiversVals(DataFilesArray),org_theory,SiversErrVals(DataFilesArray))\n",
    "    for i in range(100):\n",
    "        temp_pars = np.random.multivariate_normal(pars, cov)\n",
    "        temp_pars = list(map(float, np.round(temp_pars, 5)))\n",
    "        temp_theory=totalfitfunc(DataFilesArray,*temp_pars)\n",
    "        temp_chi2=totchi2(SiversVals(DataFilesArray),temp_theory,SiversErrVals(DataFilesArray))\n",
    "        if(np.abs(org_chi2-temp_chi2)<105):\n",
    "            par_sample.append(temp_pars)\n",
    "        #temp_theory=ASivFitHadron(had,(tempQ,tempX,tempZ,tempphT),m1=result[0],Nu=result[1],alphau=result[2],betau=result[3],Nubar=result[4],Nd=result[5],alphad=result[6],betad=result[7],Ndbar=result[8],Ns=result[9],alphas=result[10],betas=result[11],Nsbar=result[12])\n",
    "        #d = func(X, *temp_pars).real\n",
    "        #res.append(list(d))\n",
    "    return np.array(par_sample)\n",
    "\n",
    "test_parms=param_samples(resultH09, result_cov_H09)"
   ]
  },
  {
   "cell_type": "code",
   "execution_count": 158,
   "metadata": {},
   "outputs": [
    {
     "data": {
      "text/plain": [
       "array([ 1.34114772e+00,  1.70082337e-01, -8.21208726e-01, -1.36346400e+00,\n",
       "        1.97525982e-02, -4.69121788e-01,  4.58907283e-01,  6.18137845e+01,\n",
       "        7.67081847e-01,  8.00648809e-01, -2.26851976e-02,  8.15545308e-06,\n",
       "       -1.64198670e+00])"
      ]
     },
     "execution_count": 158,
     "metadata": {},
     "output_type": "execute_result"
    }
   ],
   "source": [
    "np.random.normal(resultH09, np.diag(result_cov_H09))"
   ]
  },
  {
   "cell_type": "code",
   "execution_count": 77,
   "metadata": {},
   "outputs": [],
   "source": [
    "def param_samples(pars, cov):\n",
    "    par_sample = []\n",
    "    pars_sigma=np.diag(cov)\n",
    "    org_theory=totalfitfunc(DataFilesArray,*pars)\n",
    "    org_chi2=totchi2(SiversVals(DataFilesArray),org_theory,SiversErrVals(DataFilesArray))\n",
    "    #print(org_chi2)\n",
    "    for i in range(100):\n",
    "        #temp_pars = np.random.normal(pars, 0.1*np.diag(cov))\n",
    "        temp_pars = np.random.normal(pars, 0.03*np.diag(cov))\n",
    "        par_sample.append(temp_pars)\n",
    "        temp_theory=totalfitfunc(DataFilesArray,*temp_pars)\n",
    "        temp_chi2=totchi2(SiversVals(DataFilesArray),temp_theory,SiversErrVals(DataFilesArray))\n",
    "        #print(temp_chi2)\n",
    "        if(np.abs(org_chi2-temp_chi2)<105):\n",
    "            par_sample.append(temp_pars)\n",
    "        #temp_theory=ASivFitHadron(had,(tempQ,tempX,tempZ,tempphT),m1=result[0],Nu=result[1],alphau=result[2],betau=result[3],Nubar=result[4],Nd=result[5],alphad=result[6],betad=result[7],Ndbar=result[8],Ns=result[9],alphas=result[10],betas=result[11],Nsbar=result[12])\n",
    "        #d = func(X, *temp_pars).real\n",
    "        #res.append(list(d))\n",
    "    return np.array(par_sample)\n",
    "\n",
    "test_parms=param_samples(resultH09, result_cov_H09)"
   ]
  },
  {
   "cell_type": "code",
   "execution_count": 258,
   "metadata": {},
   "outputs": [
    {
     "data": {
      "text/plain": [
       "array([[ 1.30251017e+00,  1.69531814e-01,  6.34104299e-01, ...,\n",
       "        -1.11244341e-02,  2.99830207e-07, -9.24338500e-02],\n",
       "       [ 1.30251017e+00,  1.69531814e-01,  6.34104299e-01, ...,\n",
       "        -1.11244341e-02,  2.99830207e-07, -9.24338500e-02],\n",
       "       [ 1.30265452e+00,  1.69525934e-01,  6.47178429e-01, ...,\n",
       "         7.00765853e-03,  8.22350793e-09, -1.14695074e-01],\n",
       "       ...,\n",
       "       [ 1.30402366e+00,  1.69523054e-01,  6.44624545e-01, ...,\n",
